predicted_x	predicted_y	predicted_ax	predicted_ay	measured_x	measured_y	actual_x	actual_y	actual_ax	actual_ay
8.46292	0.243462	0	0	8.46292	0.243462	8.6	0.25	-3.00029	0
8.44827	0.251501	-0.209221	0.114847	8.44818	0.251553	8.45	0.25	-3.00027	0
8.4378	0.25725	-0.209221	0.114847	8.56759	0.241943	8.45	0.25	0	0
8.45561	0.254064	0.0681361	0.0272144	8.45582	0.253997	8.45	0.25	0	0
8.45935	0.25556	0.0681361	0.0272144	8.42544	0.254042	8.35	0.25	-1.81979	0
8.27428	0.250385	-1.00109	-0.0105596	8.23962	0.24916	8.25	0.25	-1.81978	0
8.22423	0.249857	-1.00109	-0.0105596	7.93286	0.188391	8.05	0.2	-3.99976	-0.99994
7.94284	0.187258	-1.96672	-0.269665	7.84073	0.159858	7.85	0.15	-3.99972	-0.99993
7.8445	0.173774	-1.96672	-0.269665	7.61269	0.155818	7.7	0.15	-2.99982	0
7.62314	0.159902	-2.38403	-0.27098	7.54016	0.159641	7.55	0.15	-2.99982	0
7.4919	0.144985	-2.38403	-0.27098	7.50815	0.0953827	7.45	0.100001	-1.8165	-0.908239
7.35081	0.0779634	-2.41272	-0.422823	7.3426	0.0345312	7.35	0.0500011	-1.81648	-0.90823
7.21817	0.0547187	-2.41272	-0.422823	7.20598	0.00492725	7.2	9.49949e-07	-2.72851	-0.909507
7.06969	-0.0112066	-2.45513	-0.537132	7.05406	-0.0533413	7.05	-0.0499992	-2.72849	-0.909499
6.93472	-0.0407359	-2.45513	-0.537132	6.74585	-0.143185	6.95	-0.15	-1.81898	-1.81898
6.82345	-0.159687	-2.39379	-0.768455	6.84972	-0.258748	6.85	-0.25	-1.81896	-1.81897
6.70381	-0.198095	-2.39379	-0.768455	6.66966	-0.346668	6.75	-0.349999	-2.00076	-2.00075
6.61043	-0.336937	-2.32612	-1.02723	6.64329	-0.462604	6.65	-0.449999	-2.00076	-2.00075
6.49399	-0.388358	-2.32612	-1.02723	6.60862	-0.557035	6.6	-0.549999	-0.998836	-1.99769
6.45583	-0.530219	-2.12325	-1.2616	6.56029	-0.650892	6.55	-0.65	-0.99884	-1.99769
6.33901	-0.599634	-2.12325	-1.2616	6.40696	-0.842921	6.5	-0.85	-0.908747	-3.63498
6.32437	-0.835251	-1.8568	-1.69498	6.45805	-1.05268	6.45	-1.05	-0.908739	-3.63494
6.22229	-0.928434	-1.8568	-1.69498	6.38626	-1.15695	6.35	-1.15	-1.81897	-1.81898
6.17907	-1.12138	-1.70264	-1.95628	6.25499	-1.25007	6.25	-1.25	-1.81896	-1.81896
6.08549	-1.2289	-1.70264	-1.95628	6.43125	-1.48148	6.3	-1.45	0.909739	-3.63894
6.15497	-1.47699	-1.27461	-2.32525	6.36328	-1.65656	6.35	-1.65	0.909727	-3.63891
6.09121	-1.59331	-1.27461	-2.32525	6.3228	-1.81431	6.3	-1.8	-0.999494	-2.9985
6.1211	-1.81276	-1.02827	-2.59652	6.24641	-1.95075	6.25	-1.95	-0.999489	-2.99847
6.06968	-1.94259	-1.02827	-2.59652	6.31851	-2.10969	6.3	-2.1	0.999984	-2.99994
6.15654	-2.14231	-0.664257	-2.78051	6.34644	-2.23829	6.35	-2.25	0.999979	-2.99994
6.11999	-2.2953	-0.664257	-2.78051	6.32593	-2.40018	6.35	-2.4	0	-2.72613
6.19796	-2.49286	-0.363174	-2.89769	6.34927	-2.55175	6.35	-2.55	0	-2.72611
6.178	-2.65216	-0.363174	-2.89769	6.43125	-2.71878	6.4	-2.7	0.909499	-2.72851
6.27774	-2.82497	-0.0487437	-2.93317	6.43257	-2.84245	6.45	-2.85	0.909503	-2.72851
6.2753	-2.97175	-0.0487437	-2.93317	6.46536	-3.00452	6.45	-3	0	-2.99754
6.34457	-3.13175	0.139792	-2.96792	6.44119	-3.14955	6.45	-3.15	0	-2.99754
6.35225	-3.29475	0.139792	-2.96792	6.52249	-3.32007	6.5	-3.3	0.910402	-2.7312
6.44022	-3.45762	0.350713	-2.96758	6.5453	-3.45745	6.55	-3.45	0.910402	-2.7312
6.45952	-3.62092	0.350713	-2.96758	6.6358	-3.59197	6.65	-3.6	1.81722	-2.72583
6.60186	-3.77125	0.673771	-2.93352	6.76011	-3.75457	6.75	-3.75	1.81721	-2.72581
6.63896	-3.93279	0.673771	-2.93352	6.83625	-3.92723	6.8	-3.9	0.907988	-2.72396
6.75697	-4.07837	0.886112	-2.89162	6.85997	-4.05805	6.85	-4.05	0.907976	-2.72393
6.80569	-4.23737	0.886112	-2.89162	6.86943	-4.18507	6.9	-4.2	0.909334	-2.72801
6.89363	-4.37359	0.98902	-2.83185	6.94332	-4.34473	6.95	-4.35	0.90933	-2.72799
6.94797	-4.52918	0.98902	-2.83185	7.05156	-4.49706	7	-4.45	0.910054	-1.8201
7.01939	-4.62533	1.03385	-2.67589	7.04099	-4.55018	7.05	-4.55	0.910054	-1.8201
7.0763	-4.77264	1.03385	-2.67589	7.10252	-4.67934	7.1	-4.7	0.908302	-2.72489
7.13946	-4.89399	1.05025	-2.60779	7.14735	-4.86125	7.15	-4.85	0.908297	-2.72489
7.1972	-5.03735	1.05025	-2.60779	7.3138	-5.05204	7.25	-5	1.81907	-2.72861
7.27674	-5.16891	1.10748	-2.57685	7.30424	-5.15404	7.35	-5.15	1.81907	-2.72861
7.33771	-5.31078	1.10748	-2.57685	7.29446	-5.23429	7.4	-5.3	0.908194	-2.7246
7.42023	-5.45284	1.16402	-2.57735	7.44737	-5.45308	7.45	-5.45	0.90819	-2.72457
7.4842	-5.59447	1.16402	-2.57735	7.63082	-5.61863	7.55	-5.55	1.81974	-1.81974
7.59037	-5.70556	1.27477	-2.49719	7.64356	-5.66706	7.65	-5.65	1.81972	-1.81972
7.66043	-5.84279	1.27477	-2.49719	7.60376	-5.74774	7.7	-5.8	0.90983	-2.72951
7.73213	-5.9684	1.27909	-2.46667	7.7342	-5.95374	7.75	-5.95	0.909826	-2.72948
7.79613	-6.09182	1.27909	-2.46667	7.82165	-6.06822	7.85	-6.1	1.9986	-2.9979
7.90175	-6.22728	1.38847	-2.49833	7.95703	-6.24328	7.95	-6.25	1.99858	-2.99787
7.97815	-6.36475	1.38847	-2.49833	8.17338	-6.44684	8.05	-6.35	1.81738	-1.81739
8.09999	-6.48094	1.50784	-2.44243	8.15891	-6.45335	8.15	-6.45	1.81737	-1.81737
8.1829	-6.61525	1.50784	-2.44243	8.08628	-6.51855	8.2	-6.6	0.909293	-2.72787
8.26068	-6.74883	1.49436	-2.44054	8.25411	-6.74791	8.25	-6.75	0.909293	-2.72787
8.34279	-6.88293	1.49436	-2.44054	8.25648	-6.78122	8.35	-6.85	1.81994	-1.81993
8.43372	-6.99106	1.51752	-2.37238	8.44494	-6.95805	8.45	-6.95	1.81993	-1.81993
8.5096	-7.10967	1.51752	-2.37238	8.39359	-7.01743	8.5	-7.1	1.00006	-3.00018
8.56996	-7.23516	1.47675	-2.39043	8.54925	-7.24433	8.55	-7.25	1.00006	-3.00018
8.64387	-7.35479	1.47675	-2.39043	8.64403	-7.39047	8.65	-7.4	1.99807	-2.99712
8.72529	-7.50296	1.49651	-2.4655	8.73559	-7.5421	8.75	-7.55	1.99808	-2.99712
8.80752	-7.63844	1.49651	-2.4655	8.87176	-7.71912	8.8	-7.65	0.909955	-1.8199
8.87064	-7.76575	1.4463	-2.44405	8.84538	-7.75497	8.85	-7.75	0.909946	-1.81988
8.94302	-7.88807	1.4463	-2.44405	8.88333	-7.88636	8.9	-7.9	0.999086	-2.9973
8.99182	-8.02211	1.38428	-2.47489	8.95966	-8.0381	8.95	-8.05	0.999095	-2.9973
9.06794	-8.15819	1.38428	-2.47489	8.8564	-8.01424	9	-8.15	0.909309	-1.8186
9.10733	-8.27221	1.28779	-2.4169	9.05896	-8.24314	9.05	-8.25	0.909301	-1.81859
9.17169	-8.39301	1.28779	-2.4169	9.17781	-8.47056	9.1	-8.4	1.0004	-3.00119
9.20103	-8.52852	1.19569	-2.4556	9.15332	-8.54857	9.15	-8.55	1.00038	-3.00117
9.26676	-8.66352	1.19569	-2.4556	9.22922	-8.6898	9.2	-8.65	0.909508	-1.819
9.2949	-8.78562	1.0969	-2.4217	9.24541	-8.76863	9.25	-8.75	0.9095	-1.81899
9.34975	-8.90672	1.0969	-2.4217	9.37748	-9.00609	9.35	-8.95	1.99965	-3.99928
9.42257	-9.08096	1.14415	-2.56141	9.44703	-9.15328	9.45	-9.15	1.99964	-3.99928
9.47981	-9.20908	1.14415	-2.56141	9.50096	-9.25642	9.5	-9.25	0.999584	-1.99917
9.53894	-9.34338	1.14914	-2.57766	9.54157	-9.35195	9.55	-9.35	0.999584	-1.99917
9.59639	-9.47226	1.14914	-2.57766	9.47534	-9.42627	9.55	-9.5	0	-3.00023
9.6097	-9.6213	1.03303	-2.63071	9.54779	-9.64959	9.55	-9.65	0	-3.0002
9.66141	-9.75297	1.03303	-2.63071	9.69942	-9.88416	9.6	-9.8	0.999005	-2.997
9.6853	-9.90515	0.959879	-2.68468	9.64606	-9.9341	9.65	-9.95	0.998995	-2.997
9.73805	-10.0527	0.959879	-2.68468	9.60087	-9.96395	9.7	-10.05	0.909855	-1.81969
9.76828	-10.1744	0.900706	-2.61673	9.73801	-10.1396	9.75	-10.15	0.909847	-1.81969
9.81331	-10.3052	0.900706	-2.61673	9.92627	-10.4745	9.75	-10.3	0	-3.00065
9.81498	-10.4516	0.786705	-2.65789	9.75524	-10.4732	9.75	-10.45	0	-3.00063
9.85829	-10.598	0.786705	-2.65789	9.71825	-10.5087	9.8	-10.6	0.90817	-2.72451
9.87961	-10.7479	0.728909	-2.66728	9.85048	-10.7526	9.85	-10.75	0.908161	-2.72448
9.91965	-10.8944	0.728909	-2.66728	9.88465	-10.9383	9.85	-10.9	0	-2.73074
9.90587	-11.0409	0.587603	-2.66739	9.83614	-11.041	9.85	-11.05	0	-2.73073
9.93526	-11.1743	0.587603	-2.66739	9.83952	-11.1692	9.85	-11.2	0	-2.99965
9.91401	-11.3255	0.454481	-2.71426	9.84568	-11.3496	9.85	-11.35	0	-2.99961
9.93674	-11.4613	0.454481	-2.71426	9.87961	-11.5637	9.85	-11.5	0	-2.99843
9.90595	-11.6112	0.313657	-2.75138	9.83206	-11.6307	9.85	-11.65	0	-2.99843
9.92163	-11.7488	0.313657	-2.75138	9.85311	-11.8523	9.8	-11.75	-1.0003	-2.00061
9.85892	-11.8687	0.107436	-2.70523	9.74928	-11.8442	9.75	-11.85	-1.00029	-2.00059
9.86429	-12.0039	0.107436	-2.70523	9.69694	-11.9706	9.7	-12	-1.0004	-3.00119
9.77998	-12.1435	-0.128495	-2.71674	9.65354	-12.1497	9.65	-12.15	-1.00039	-3.00116
9.77355	-12.2794	-0.128495	-2.71674	9.72311	-12.3964	9.6	-12.25	-0.999885	-1.99981
9.67668	-12.3873	-0.366414	-2.64332	9.54859	-12.3478	9.55	-12.35	-0.999884	-1.99979
9.65834	-12.5196	-0.366414	-2.64332	9.39039	-12.3902	9.45	-12.45	-1.99803	-1.99805
9.52462	-12.6098	-0.669883	-2.53263	9.36086	-12.5501	9.35	-12.55	-1.99804	-1.99804
9.4878	-12.749	-0.669883	-2.53263	9.34456	-12.7106	9.3	-12.65	-0.909773	-1.81953
9.35321	-12.8342	-0.926772	-2.39066	9.22134	-12.7613	9.25	-12.75	-0.909773	-1.81954
9.30678	-12.9539	-0.926772	-2.39066	9.15326	-13.0031	9.05	-12.85	-3.99257	-1.99629
9.08435	-13.0225	-1.38959	-2.25606	8.84161	-12.9519	8.85	-12.95	-3.99253	-1.99627
9.00805	-13.1464	-1.38959	-2.25606	8.71632	-12.9613	8.75	-13	-1.8213	-0.910651
8.8165	-13.1726	-1.6924	-1.99958	8.66358	-13.0431	8.65	-13.05	-1.8213	-0.910651
8.7318	-13.2727	-1.6924	-1.99958	8.54518	-13.1702	8.5	-13.1	-2.997	-0.999005
8.52479	-13.2811	-2.014	-1.75839	8.35763	-13.1557	8.35	-13.15	-2.997	-0.998995
8.41403	-13.3778	-2.014	-1.75839	8.22926	-13.1698	8.2	-13.15	-2.72741	0
8.18792	-13.3351	-2.31705	-1.39219	8.03583	-13.1513	8.05	-13.15	-2.72742	0
8.0606	-13.4116	-2.31705	-1.39219	7.82914	-13.0525	7.9	-13.15	-2.72986	0
7.86005	-13.347	-2.50936	-1.02179	7.76538	-13.1647	7.75	-13.15	-2.72986	0
7.73449	-13.3982	-2.50936	-1.02179	7.66146	-13.3079	7.6	-13.2	-2.9979	-0.999304
7.54031	-13.3651	-2.68978	-0.800486	7.44786	-13.2517	7.45	-13.25	-2.9979	-0.999304
7.39244	-13.4091	-2.68978	-0.800486	7.21108	-13.0985	7.3	-13.25	-2.72846	0
7.20797	-13.36	-2.78591	-0.555851	7.16011	-13.2382	7.15	-13.25	-2.72844	0
7.06857	-13.3878	-2.78591	-0.555851	6.88472	-12.9588	7	-13.2	-2.99784	0.999284
6.89511	-13.3026	-2.8755	-0.258597	6.84891	-13.1493	6.85	-13.15	-2.99784	0.999284
6.73699	-13.3168	-2.8755	-0.258597	6.77424	-13.2337	6.7	-13.1	-2.72787	0.909275
6.56967	-13.2172	-2.89967	0.0403199	6.55759	-13.0679	6.55	-13.05	-2.72787	0.909284
6.41016	-13.215	-2.89967	0.0403199	6.40137	-13.0799	6.4	-13.05	-2.72678	0
6.25549	-13.1431	-2.88694	0.223219	6.26174	-13.0534	6.25	-13.05	-2.72678	0
6.09685	-13.1309	-2.88694	0.223219	6.10143	-13.0076	6.1	-13	-2.72966	0.909888
5.93986	-13.0443	-2.88259	0.418372	5.94198	-12.9494	5.95	-12.95	-2.72963	0.90988
5.79563	-13.0233	-2.88259	0.418372	5.79854	-12.8478	5.8	-12.85	-2.99777	1.99851
5.65125	-12.8886	-2.88295	0.717379	5.65107	-12.7365	5.65	-12.75	-2.99778	1.99852
5.49267	-12.8492	-2.88295	0.717379	5.50547	-12.5721	5.55	-12.7	-1.81798	0.908995
5.3794	-12.7412	-2.76394	0.89735	5.43839	-12.652	5.45	-12.65	-1.81799	0.908995
5.22733	-12.6918	-2.76394	0.89735	5.27506	-12.4782	5.3	-12.55	-2.72627	1.81753
5.09954	-12.5662	-2.70016	1.09758	5.1307	-12.4684	5.15	-12.45	-2.72625	1.8175
4.95118	-12.5059	-2.70016	1.09758	5.04446	-12.3808	5.05	-12.35	-1.8199	1.81989
4.85871	-12.3595	-2.55344	1.32358	4.92985	-12.2499	4.95	-12.25	-1.81991	1.8199
4.73099	-12.2933	-2.55344	1.32358	4.75061	-11.9803	4.85	-12.15	-1.99928	1.99929
4.67001	-12.1584	-2.37802	1.50417	4.75915	-12.0666	4.75	-12.05	-1.99928	1.99928
4.53909	-12.0756	-2.37802	1.50417	4.69113	-11.9084	4.7	-11.9	-0.908236	2.72471
4.51059	-11.8847	-2.109	1.78799	4.64378	-11.7442	4.65	-11.75	-0.908231	2.7247
4.39469	-11.7865	-2.109	1.78799	4.59746	-11.6205	4.6	-11.65	-0.909847	1.81971
4.3975	-11.6367	-1.7973	1.92327	4.54975	-11.5706	4.55	-11.55	-0.909843	1.81969
4.30771	-11.5406	-1.7973	1.92327	4.47442	-11.3673	4.5	-11.35	-1.0008	4.0032
4.31298	-11.3186	-1.54737	2.25427	4.44059	-11.1496	4.45	-11.15	-1.0008	4.00321
4.22778	-11.1945	-1.54737	2.25427	4.43713	-11.024	4.45	-11.05	0	1.81614
4.2766	-11.0094	-1.19529	2.4143	4.45136	-10.93	4.45	-10.95	0	1.81612
4.21082	-10.8766	-1.19529	2.4143	4.44745	-10.786	4.45	-10.8	0	2.72555
4.28205	-10.7008	-0.835538	2.52698	4.45788	-10.6457	4.45	-10.65	0	2.72554
4.23612	-10.5619	-0.835538	2.52698	4.46329	-10.5756	4.45	-10.5	0	2.729
4.30035	-10.3857	-0.546409	2.62488	4.44057	-10.3382	4.45	-10.35	0	2.72898
4.27029	-10.2413	-0.546409	2.62488	4.51895	-10.2367	4.5	-10.2	0.908962	2.72687
4.37656	-10.0735	-0.188651	2.68624	4.54925	-10.0439	4.55	-10.05	0.908954	2.72685
4.36619	-9.92588	-0.188651	2.68624	4.63224	-9.9707	4.6	-9.9	0.909756	2.72927
4.48026	-9.76556	0.137884	2.71954	4.63755	-9.74952	4.65	-9.75	0.909752	2.72926
4.48785	-9.6159	0.137884	2.71954	4.60757	-9.4335	4.7	-9.6	0.90859	2.72578
4.60618	-9.46388	0.428476	2.72574	4.74589	-9.4609	4.75	-9.45	0.908586	2.72576
4.62973	-9.31409	0.428476	2.72574	4.89179	-9.39473	4.85	-9.3	1.81967	2.72952
4.78383	-9.15296	0.771061	2.75547	4.94849	-9.13867	4.95	-9.15	1.81967	2.72951
4.82239	-9.01517	0.771061	2.75547	4.95209	-8.96272	5	-9.05	0.999884	1.99977
4.93834	-8.90847	0.974466	2.67376	5.04121	-8.94979	5.05	-8.95	0.999874	1.99974
4.99194	-8.7614	0.974466	2.67376	5.20806	-8.88942	5.15	-8.8	1.81805	2.72708
5.14274	-8.6236	1.22982	2.6494	5.26887	-8.63564	5.25	-8.65	1.81803	2.72705
5.20425	-8.49111	1.22982	2.6494	5.3785	-8.56768	5.35	-8.55	1.99956	1.99957
5.34358	-8.38787	1.43447	2.57244	5.44864	-8.42738	5.45	-8.45	1.99954	1.99954
5.42248	-8.24638	1.43447	2.57244	5.56465	-8.44845	5.5	-8.35	0.909045	1.81807
5.51751	-8.16495	1.47685	2.41463	5.53862	-8.24357	5.55	-8.25	0.909045	1.81808
5.59877	-8.03208	1.47685	2.41463	5.64921	-8.02513	5.7	-8.1	2.72608	2.72608
5.75479	-7.92406	1.67314	2.34941	5.85094	-7.95601	5.85	-7.95	2.72606	2.72606
5.84682	-7.79483	1.67314	2.34941	5.93492	-7.84119	5.95	-7.85	1.81801	1.81801
5.99206	-7.69638	1.81282	2.26862	6.05986	-7.73559	6.05	-7.75	1.81802	1.81801
6.09178	-7.57159	1.81282	2.26862	6.13741	-7.63243	6.15	-7.65	1.81798	1.81798
6.2202	-7.48939	1.88816	2.15687	6.25659	-7.54336	6.25	-7.55	1.81798	1.81798
6.32393	-7.3709	1.88816	2.15687	6.39143	-7.46358	6.35	-7.45	1.82027	1.82027
6.43841	-7.30176	1.91636	2.02735	6.452	-7.36418	6.45	-7.35	1.82025	1.82025
6.53427	-7.20035	1.91636	2.02735	6.47916	-7.09783	6.6	-7.25	2.99862	1.99908
6.68396	-7.11912	2.05782	1.9743	6.7556	-7.14598	6.75	-7.15	2.99862	1.99908
6.79727	-7.0104	2.05782	1.9743	6.68682	-6.93297	6.8	-7.05	0.908005	1.816
6.89012	-6.92154	2.00405	1.92212	6.86356	-6.94732	6.85	-6.95	0.908	1.81601
7.00029	-6.81588	2.00405	1.92212	7.08741	-6.92602	7	-6.85	2.72856	1.81904
7.13085	-6.72825	2.05757	1.87475	7.15695	-6.75136	7.15	-6.75	2.72854	1.81902
7.24389	-6.62526	2.05757	1.87475	7.29976	-6.68807	7.25	-6.65	1.8202	1.8202
7.3561	-6.53913	2.0554	1.83047	7.35505	-6.56058	7.35	-6.55	1.82018	1.82018
7.45889	-6.44759	2.0554	1.83047	7.53544	-6.5372	7.5	-6.5	2.99964	0.999884
7.60233	-6.40235	2.16229	1.70878	7.65664	-6.46417	7.65	-6.45	2.99964	0.999884
7.72133	-6.30831	2.16229	1.70878	7.67559	-6.34628	7.75	-6.4	1.81709	0.908549
7.84537	-6.27694	2.17554	1.54416	7.85193	-6.35845	7.85	-6.35	1.81709	0.908545
7.96494	-6.19208	2.17554	1.54416	8.03231	-6.28406	8	-6.25	2.72931	1.81954
8.10772	-6.12414	2.23649	1.49969	8.13749	-6.14586	8.15	-6.15	2.72928	1.81952
8.21956	-6.04915	2.23649	1.49969	8.21488	-6.01843	8.25	-6.05	1.99977	1.99976
8.33347	-5.96245	2.24195	1.53047	8.33626	-5.94674	8.35	-5.95	1.99977	1.99976
8.45675	-5.87829	2.24195	1.53047	8.50318	-5.89335	8.5	-5.9	2.72796	0.909326
8.61427	-5.82406	2.33191	1.45188	8.65894	-5.86309	8.65	-5.85	2.72796	0.909321
8.74255	-5.74418	2.33191	1.45188	8.77185	-5.74314	8.75	-5.75	1.81776	1.81775
8.86366	-5.65486	2.31305	1.47669	8.85444	-5.64273	8.85	-5.65	1.81774	1.81773
8.97951	-5.5809	2.31305	1.47669	9.02394	-5.6024	8.95	-5.55	1.99657	1.99656
9.07636	-5.48426	2.26311	1.53629	9.05088	-5.45385	9.05	-5.45	1.99654	1.99655
9.20084	-5.39977	2.26311	1.53629	9.04088	-5.29691	9.2	-5.4	2.72728	0.909094
9.33265	-5.32003	2.2824	1.5238	9.34223	-5.32623	9.35	-5.35	2.72727	0.90909
9.45819	-5.23622	2.2824	1.5238	9.39579	-5.21659	9.45	-5.25	1.81816	1.81815
9.57028	-5.14344	2.24712	1.54733	9.55303	-5.13194	9.55	-5.15	1.81813	1.81813
9.69373	-5.05844	2.24712	1.54733	9.75019	-5.14652	9.65	-5.05	1.82036	1.82036
9.79141	-4.95493	2.17951	1.59593	9.7586	-4.93134	9.75	-4.95	1.82036	1.82037
9.91144	-4.86703	2.17951	1.59593	9.9198	-4.86941	9.85	-4.85	1.81578	1.81577
9.99835	-4.76345	2.09258	1.6371	9.95641	-4.74358	9.95	-4.75	1.81575	1.81575
10.1133	-4.67352	2.09258	1.6371	10.0029	-4.54771	10.05	-4.6	1.82039	2.7306
10.1905	-4.52511	1.99354	1.79055	10.1428	-4.45119	10.15	-4.45	1.8204	2.7306
10.3002	-4.4266	1.99354	1.79055	10.1981	-4.26556	10.25	-4.3	1.81769	2.72652
10.3898	-4.25529	1.94079	1.9816	10.3644	-4.16342	10.35	-4.15	1.81768	2.7265
10.4965	-4.14628	1.94079	1.9816	10.5985	-4.12247	10.45	-4.05	1.81792	1.81792
10.576	-3.99664	1.86908	2.08824	10.5415	-3.9454	10.55	-3.95	1.8179	1.8179
10.6787	-3.88184	1.86908	2.08824	10.7092	-3.85166	10.65	-3.85	1.81903	1.81904
10.7727	-3.75951	1.84603	2.108	10.7616	-3.75002	10.75	-3.75	1.81902	1.81903
10.8741	-3.64365	1.84603	2.108	10.795	-3.60617	10.8	-3.6	0.909773	2.72931
10.9212	-3.49853	1.70338	2.1848	10.8527	-3.46164	10.85	-3.45	0.909764	2.72928
11.0064	-3.38926	1.70338	2.1848	10.9584	-3.30584	10.95	-3.3	1.99953	2.99928
11.0715	-3.22679	1.65044	2.32463	11.0447	-3.1561	11.05	-3.15	1.9995	2.99925
11.1624	-3.09875	1.65044	2.32463	11.1178	-2.98807	11.1	-3	0.907725	2.72317
11.2051	-2.92495	1.52392	2.4448	11.1427	-2.86566	11.15	-2.85	0.907708	2.72314
11.289	-2.79046	1.52392	2.4448	11.1491	-2.68183	11.2	-2.7	0.908929	2.72678
11.32	-2.61084	1.38535	2.5633	11.2525	-2.55311	11.25	-2.55	0.908929	2.72678
11.3962	-2.46989	1.38535	2.5633	11.1188	-2.36202	11.2	-2.4	-0.909276	2.72782
11.3345	-2.2968	1.02351	2.64765	11.1594	-2.25598	11.15	-2.25	-0.909276	2.72782
11.3908	-2.15126	1.02351	2.64765	11.2029	-2.09837	11.25	-2.1	1.81915	2.72871
11.4053	-1.9846	0.914007	2.70306	11.3525	-1.95787	11.35	-1.95	1.81913	2.72869
11.4555	-1.8361	0.914007	2.70306	11.3011	-1.79507	11.35	-1.8	0	2.73035
11.4293	-1.68	0.713297	2.72298	11.3326	-1.67041	11.35	-1.65	0	2.73033
11.465	-1.54374	0.713297	2.72298	11.0622	-1.44342	11.3	-1.5	-0.999165	2.99748
11.3972	-1.38632	0.441308	2.77857	11.2595	-1.35818	11.25	-1.35	-0.999155	2.99745
11.4214	-1.23362	0.441308	2.77857	11.1658	-1.23674	11.2	-1.25	-0.909822	1.81964
11.3181	-1.11446	0.10618	2.69046	11.1524	-1.15803	11.15	-1.15	-0.909822	1.81964
11.3234	-0.979817	0.10618	2.69046	10.8534	-0.929069	11.05	-0.95	-1.99817	3.99632
11.1712	-0.795634	-0.308143	2.82072	10.9584	-0.728742	10.95	-0.75	-1.99816	3.99632
11.1542	-0.640401	-0.308143	2.82072	10.8608	-0.663121	10.9	-0.649999	-0.908549	1.8171
11.0192	-0.514561	-0.618175	2.74349	10.8648	-0.553034	10.85	-0.549999	-0.908532	1.81708
10.9852	-0.363603	-0.618175	2.74349	10.8451	-0.437482	10.75	-0.45	-1.8174	1.81738
10.8213	-0.271623	-0.959316	2.58863	10.6542	-0.347474	10.65	-0.35	-1.8174	1.81738
10.7685	-0.129284	-0.959316	2.58863	10.5062	-0.245062	10.5	-0.25	-2.72796	1.81864
10.5522	-0.0590736	-1.38866	2.39931	10.3438	-0.150982	10.35	-0.15	-2.72796	1.81864
10.4759	0.0727828	-1.38866	2.39931	10.4884	-0.0812124	10.25	-0.0999996	-1.81964	0.909826
10.2912	0.0931471	-1.67316	2.10671	10.1537	-0.0482457	10.15	-0.0499992	-1.81963	0.909818
10.1993	0.208879	-1.67316	2.10671	9.92588	0.00395802	10	9.49949e-07	-2.73049	0.910169
9.99672	0.196832	-1.96347	1.77139	9.85676	0.0351738	9.85	0.0500011	-2.73047	0.910161
9.88862	0.294361	-1.96347	1.77139	9.63973	0.0585714	9.7	0.0500011	-2.72439	0
9.67713	0.235203	-2.23473	1.36024	9.54669	0.0374948	9.55	0.0500011	-2.72438	0
9.55424	0.310004	-2.23473	1.36024	9.32242	0.112393	9.4	0.100001	-2.72773	0.90923
9.34868	0.282528	-2.45164	1.09187	9.24446	0.153574	9.25	0.15	-2.7277	0.909222
9.21381	0.342598	-2.45164	1.09187	9.0614	0.20077	9.1	0.2	-2.72652	0.908843
9.02078	0.339659	-2.60422	0.926538	8.94752	0.260272	8.95	0.25	-2.72653	0.908843
8.87757	0.390611	-2.60422	0.926538	8.90199	0.247143	8.85	0.25	-1.81847	0
8.74578	0.362878	-2.57426	0.72007	8.76016	0.263752	8.75	0.25	-1.81846	0
8.60405	0.402523	-2.57426	0.72007	8.46355	0.258809	8.55	0.25	-3.6326	0
8.41422	0.358243	-2.70047	0.499852	8.35367	0.252596	8.35	0.25	-3.6326	0
8.26575	0.385723	-2.70047	0.499852	8.05161	0.241868	8.2	0.25	-2.72841	0
8.08933	0.34003	-2.77385	0.307843	8.05411	0.247878	8.05	0.25	-2.72842	0
7.93675	0.356962	-2.77385	0.307843	7.78653	0.205765	7.9	0.2	-2.72708	-0.909025
7.76612	0.272152	-2.82122	0.0408669	7.74339	0.144028	7.75	0.15	-2.72705	-0.909016
7.61121	0.274396	-2.82122	0.0408669	7.77346	0.0969346	7.6	0.100001	-2.73169	-0.910554
7.45511	0.174257	-2.82432	-0.227792	7.45362	0.0452052	7.45	0.0500011	-2.73169	-0.910554
7.31379	0.16286	-2.82432	-0.227792	7.15329	0.0425189	7.3	0.0500011	-2.99789	0
7.16977	0.0987674	-2.83144	-0.36629	7.16618	0.0287673	7.15	0.0500011	-2.9979	0
7.01404	0.0786207	-2.83144	-0.36629	7.17215	-0.0469302	7.05	-0.0499995	-1.81811	-1.81813
6.90008	-0.0313051	-2.7217	-0.602138	6.95426	-0.147757	6.95	-0.15	-1.8181	-1.81811
6.75024	-0.0644539	-2.7217	-0.602138	6.83008	-0.250179	6.85	-0.25	-1.81646	-1.81646
6.67216	-0.206301	-2.53329	-0.887544	6.76395	-0.345347	6.75	-0.35	-1.81645	-1.81645
6.53289	-0.255094	-2.53329	-0.887544	6.74798	-0.457727	6.65	-0.45	-1.81901	-1.819
6.4606	-0.419265	-2.35749	-1.19039	6.54569	-0.565853	6.55	-0.549999	-1.81899	-1.81898
6.33103	-0.484687	-2.35749	-1.19039	6.565	-0.754748	6.5	-0.749999	-0.909789	-3.63914
6.31088	-0.722542	-2.07036	-1.64291	6.4494	-0.940848	6.45	-0.949999	-0.909781	-3.63911
6.20738	-0.804671	-2.07036	-1.64291	6.44213	-1.11266	6.4	-1.1	-1.0002	-3.00061
6.20686	-1.04741	-1.79971	-2.06503	6.34405	-1.26138	6.35	-1.25	-1.0002	-3.00061
6.11691	-1.15062	-1.79971	-2.06503	6.39474	-1.36501	6.3	-1.35	-1.00035	-2.00072
6.12254	-1.32785	-1.54827	-2.25974	6.25356	-1.42931	6.25	-1.45	-1.00036	-2.00072
6.04494	-1.44111	-1.54827	-2.25974	6.24787	-1.61119	6.25	-1.6	0	-2.99288
6.07947	-1.63758	-1.25323	-2.47869	6.23547	-1.75335	6.25	-1.75	0	-2.99285
6.01059	-1.77381	-1.25323	-2.47869	6.41111	-1.93027	6.3	-1.9	0.909739	-2.72921
6.11621	-1.97164	-0.794681	-2.64056	6.34873	-2.05372	6.35	-2.05	0.909735	-2.72921
6.07251	-2.11684	-0.794681	-2.64056	6.53066	-2.26346	6.35	-2.2	0	-2.72782
6.17681	-2.29548	-0.406033	-2.72836	6.36917	-2.33894	6.35	-2.35	0	-2.72779
6.15448	-2.44552	-0.406033	-2.72836	6.27034	-2.51837	6.35	-2.55	0	-3.63689
6.2245	-2.65619	-0.163606	-2.88753	6.34287	-2.73391	6.35	-2.75	0	-3.63689
6.2155	-2.81505	-0.163606	-2.88753	6.45883	-2.92313	6.4	-2.9	0.908854	-2.72658
6.3087	-3.01294	0.104629	-2.98998	6.43866	-3.06257	6.45	-3.05	0.908859	-2.72658
6.31446	-3.17743	0.104629	-2.98998	6.49154	-3.20004	6.5	-3.2	0.908863	-2.72658
6.41535	-3.342	0.35429	-2.9902	6.53579	-3.34211	6.55	-3.35	0.908855	-2.72655
6.43485	-3.50653	0.35429	-2.9902	6.70146	-3.53446	6.6	-3.5	0.908714	-2.72613
6.5393	-3.65709	0.577219	-2.95353	6.64657	-3.63945	6.65	-3.65	0.908702	-2.72611
6.57103	-3.81945	0.577219	-2.95353	6.70956	-3.81739	6.7	-3.8	0.909565	-2.72871
6.66736	-3.9738	0.746723	-2.93249	6.74885	-3.96368	6.75	-3.95	0.909561	-2.72869
6.70845	-4.13518	0.746723	-2.93249	6.73758	-4.06653	6.8	-4.1	0.908566	-2.72568
6.79751	-4.27801	0.872593	-2.88383	6.85796	-4.25464	6.85	-4.25	0.908561	-2.72569
6.8455	-4.43662	0.872593	-2.88383	7.10395	-4.49091	6.95	-4.4	1.81821	-2.72732
6.96133	-4.57838	1.05059	-2.83963	7.04679	-4.55716	7.05	-4.55	1.81822	-2.72732
7.019	-4.73426	1.05059	-2.83963	7.02393	-4.64459	7.1	-4.7	0.91085	-2.73253
7.10218	-4.87461	1.11753	-2.79887	7.13435	-4.85502	7.15	-4.85	0.910837	-2.73251
7.15804	-5.0145	1.11753	-2.79887	7.24619	-4.97656	7.2	-4.95	1.00033	-2.00068
7.23076	-5.10789	1.16184	-2.67661	7.25317	-5.04605	7.25	-5.05	1.00033	-2.00066
7.28892	-5.24188	1.16184	-2.67661	7.22054	-5.09604	7.35	-5.2	1.9976	-2.9964
7.38465	-5.36421	1.26067	-2.64592	7.43604	-5.34825	7.45	-5.35	1.9976	-2.9964
7.45405	-5.50987	1.26067	-2.64592	7.40989	-5.38617	7.5	-5.45	0.908252	-1.8165
7.53776	-5.6174	1.29827	-2.54572	7.55662	-5.56714	7.55	-5.55	0.908244	-1.81648
7.60918	-5.75744	1.29827	-2.54572	7.39379	-5.52612	7.65	-5.7	1.81785	-2.72677
7.71725	-5.87349	1.39453	-2.48271	7.76459	-5.8425	7.75	-5.85	1.81785	-2.72677
7.79395	-6.01004	1.39453	-2.48271	7.84699	-6.00602	7.8	-5.95	0.909078	-1.81815
7.86563	-6.10198	1.38134	-2.36561	7.85921	-6.04502	7.85	-6.05	0.909073	-1.81815
7.94154	-6.23198	1.38134	-2.36561	7.89511	-6.1416	7.95	-6.2	1.8197	-2.72955
8.03452	-6.36129	1.42614	-2.36379	8.05619	-6.36041	8.05	-6.35	1.81969	-2.72953
8.11293	-6.49126	1.42614	-2.36379	8.2234	-6.53735	8.15	-6.5	1.8187	-2.72807
8.21921	-6.63328	1.49925	-2.39539	8.25446	-6.64851	8.25	-6.65	1.81869	-2.72804
8.30168	-6.76504	1.49925	-2.39539	8.32206	-6.77114	8.3	-6.75	0.908979	-1.81795
8.35459	-6.87165	1.4217	-2.3294	8.31728	-6.8399	8.35	-6.85	0.908979	-1.81795
8.43279	-6.99977	1.4217	-2.3294	8.2713	-6.91098	8.4	-7	0.909094	-2.72732
8.4804	-7.13931	1.34145	-2.35938	8.44183	-7.15372	8.45	-7.15	0.909102	-2.72732
8.5542	-7.26912	1.34145	-2.35938	8.54154	-7.25975	8.55	-7.3	1.81751	-2.72628
8.64172	-7.43033	1.37742	-2.44177	8.65899	-7.4699	8.65	-7.45	1.81752	-2.72628
8.71752	-7.5647	1.37742	-2.44177	8.83598	-7.68162	8.7	-7.55	0.908615	-1.81723
8.78197	-7.67334	1.34766	-2.37426	8.76769	-7.64094	8.75	-7.65	0.908607	-1.81721
8.85596	-7.80369	1.34766	-2.37426	8.77916	-7.72457	8.85	-7.8	1.8215	-2.73224
8.94178	-7.94179	1.3787	-2.39458	8.95669	-7.95155	8.95	-7.95	1.82148	-2.73221
9.01078	-8.06163	1.3787	-2.39458	9.1081	-8.22433	9	-8.1	0.999025	-2.99707
9.06904	-8.20752	1.35045	-2.46302	9.05476	-8.24211	9.05	-8.25	0.999015	-2.99704
9.14338	-8.34311	1.35045	-2.46302	9.13825	-8.4037	9.1	-8.35	0.908285	-1.81657
9.18398	-8.46612	1.26183	-2.42998	9.14025	-8.44981	9.15	-8.45	0.908268	-1.81655
9.25331	-8.59962	1.26183	-2.42998	9.22081	-8.59155	9.2	-8.6	0.91012	-2.73036
9.29092	-8.74522	1.17856	-2.46175	9.25031	-8.76071	9.25	-8.75	0.910112	-2.73033
9.35571	-8.88055	1.17856	-2.46175	9.30208	-8.90831	9.3	-8.9	0.909524	-2.72856
9.38695	-9.02909	1.09051	-2.49641	9.34431	-9.04587	9.35	-9.05	0.909524	-2.72856
9.44153	-9.15402	1.09051	-2.49641	9.39993	-9.18842	9.4	-9.2	0.999066	-2.99725
9.4743	-9.31879	1.03319	-2.60112	9.4452	-9.37195	9.45	-9.35	0.999075	-2.99724
9.53109	-9.46176	1.03319	-2.60112	9.48751	-9.46421	9.5	-9.5	0.909706	-2.7291
9.57184	-9.62348	0.991077	-2.6504	9.55098	-9.64789	9.55	-9.65	0.909706	-2.7291
9.62137	-9.75594	0.991077	-2.6504	9.57122	-9.75525	9.6	-9.8	1.00048	-3.00143
9.651	-9.91096	0.938746	-2.70974	9.62408	-9.94149	9.65	-9.95	1.00046	-3.00141
9.69799	-10.0466	0.938746	-2.70974	9.61433	-9.96417	9.7	-10.05	0.998785	-1.99755
9.74529	-10.1688	0.93953	-2.67431	9.7457	-10.1502	9.75	-10.15	0.998775	-1.99754
9.79694	-10.3158	0.93953	-2.67431	9.77731	-10.3295	9.75	-10.3	0	-2.72851
9.81291	-10.4574	0.845778	-2.65992	9.76557	-10.4501	9.75	-10.45	0	-2.72849
9.85943	-10.6037	0.845778	-2.65992	9.89592	-10.7137	9.8	-10.6	0.909012	-2.72704
9.88188	-10.7516	0.782548	-2.66416	9.85066	-10.7537	9.85	-10.75	0.909012	-2.72703
9.92096	-10.8847	0.782548	-2.66416	9.84397	-10.9287	9.85	-10.9	0	-3.00318
9.91618	-11.032	0.667214	-2.70158	9.85693	-11.0512	9.85	-11.05	0	-3.00316
9.94954	-11.167	0.667214	-2.70158	9.74773	-11.0482	9.85	-11.2	0	-3.00013
9.9246	-11.325	0.513855	-2.76165	9.84407	-11.3565	9.85	-11.35	0	-3.00012
9.95033	-11.4632	0.513855	-2.76165	9.79495	-11.4686	9.85	-11.5	0	-2.99592
9.91909	-11.6203	0.363976	-2.81124	9.83943	-11.6467	9.85	-11.65	0	-2.99592
9.93911	-11.775	0.363976	-2.81124	9.76634	-11.6976	9.8	-11.75	-0.908731	-1.81746
9.86863	-11.8961	0.126153	-2.72281	9.74774	-11.8511	9.75	-11.85	-0.908731	-1.81746
9.87557	-12.0457	0.126153	-2.72281	9.7856	-12.1262	9.7	-12	-0.909591	-2.72875
9.77925	-12.1737	-0.145001	-2.66588	9.64482	-12.1455	9.65	-12.15	-0.909582	-2.72873
9.77127	-12.3204	-0.145001	-2.66588	9.57233	-12.2948	9.6	-12.3	-0.908879	-2.72667
9.67058	-12.4632	-0.388375	-2.65583	9.55167	-12.4583	9.55	-12.45	-0.908879	-2.72665
9.64925	-12.6091	-0.388375	-2.65583	9.37132	-12.4833	9.45	-12.55	-1.82006	-1.82006
9.5096	-12.7088	-0.698881	-2.53442	9.359	-12.6499	9.35	-12.65	-1.82005	-1.82005
9.47466	-12.8355	-0.698881	-2.53442	9.16109	-12.6848	9.2	-12.75	-3.00047	-2.00033
9.2635	-12.9072	-1.16209	-2.38986	9.028	-12.8337	9.05	-12.85	-3.00048	-2.00033
9.19949	-13.0388	-1.16209	-2.38986	8.85918	-12.7953	8.95	-12.9	-1.81543	-0.907707
9.00815	-13.0826	-1.49656	-2.1591	8.84257	-12.9684	8.85	-12.95	-1.81542	-0.907708
8.92596	-13.2012	-1.49656	-2.1591	8.66865	-13.0114	8.7	-13.05	-2.73134	-1.82089
8.71649	-13.243	-1.83078	-1.9575	8.55319	-13.1445	8.55	-13.15	-2.73135	-1.82089
8.62485	-13.341	-1.83078	-1.9575	8.27267	-12.996	8.4	-13.15	-2.99683	0
8.41636	-13.315	-2.13797	-1.63167	8.25965	-13.1488	8.25	-13.15	-2.9968	0
8.29877	-13.4048	-2.13797	-1.63167	8.04571	-13.0646	8.1	-13.2	-2.72707	-0.909028
8.08449	-13.3887	-2.39194	-1.3538	7.95841	-13.2508	7.95	-13.25	-2.72705	-0.90902
7.95304	-13.4631	-2.39194	-1.3538	7.86599	-13.4154	7.8	-13.25	-2.7295	0
7.73549	-13.4112	-2.61801	-1.02217	7.62489	-13.249	7.65	-13.25	-2.7295	0
7.60459	-13.4623	-2.61801	-1.02217	7.50783	-13.2944	7.5	-13.25	-2.99994	0
7.41743	-13.3999	-2.76589	-0.723632	7.3419	-13.2474	7.35	-13.25	-2.99994	0
7.26529	-13.4397	-2.76589	-0.723632	7.19781	-13.1973	7.2	-13.2	-2.72698	0.908995
7.08547	-13.3412	-2.8386	-0.360193	7.04935	-13.1606	7.05	-13.15	-2.72695	0.908987
6.92938	-13.361	-2.8386	-0.360193	6.79473	-13.0433	6.85	-13.15	-3.63709	0
6.71986	-13.2843	-2.97888	-0.106922	6.65123	-13.1604	6.65	-13.15	-3.63709	0
6.57095	-13.2897	-2.97888	-0.106922	6.54114	-13.2079	6.5	-13.1	-3.0006	1.00018
6.39264	-13.186	-3.05614	0.179638	6.35317	-13.0396	6.35	-13.05	-3.0006	1.00019
6.22447	-13.1761	-3.05614	0.179638	6.27012	-13.1139	6.25	-13.05	-1.81729	0
6.09461	-13.1145	-2.95552	0.315412	6.14459	-13.0471	6.15	-13.05	-1.81729	0
5.93213	-13.0972	-2.95552	0.315412	5.99498	-12.9442	6	-12.95	-2.72861	1.81906
5.81086	-12.9752	-2.84734	0.590157	5.86379	-12.8408	5.85	-12.85	-2.72861	1.81907
5.66849	-12.9457	-2.84734	0.590157	5.73761	-12.8672	5.7	-12.8	-2.99988	0.999964
5.53681	-12.8447	-2.81921	0.778224	5.55118	-12.7486	5.55	-12.75	-2.99985	0.999954
5.39585	-12.8058	-2.81921	0.778224	5.45236	-12.7392	5.45	-12.7	-2.00001	1
5.29724	-12.7144	-2.70779	0.916073	5.35556	-12.6423	5.35	-12.65	-1.99998	0.999994
5.16167	-12.6686	-2.70779	0.916073	5.26451	-12.5511	5.25	-12.55	-1.99732	1.99733
5.07268	-12.5446	-2.58523	1.12169	5.13769	-12.4355	5.15	-12.45	-1.9973	1.9973
4.93068	-12.483	-2.58523	1.12169	5.1317	-12.5744	5.05	-12.35	-1.8206	1.82059
4.85532	-12.3453	-2.41012	1.32144	4.94432	-12.2438	4.95	-12.25	-1.82058	1.82058
4.73481	-12.2792	-2.41012	1.32144	4.89215	-12.1623	4.85	-12.1	-1.9998	2.99969
4.67169	-12.1055	-2.25918	1.60448	4.75047	-11.9578	4.75	-11.95	-1.9998	2.9997
4.55873	-12.0253	-2.25918	1.60448	4.6421	-11.7788	4.7	-11.85	-1.00002	2.00003
4.52676	-11.8641	-2.04614	1.81739	4.63967	-11.7513	4.65	-11.75	-1.00001	2.00002
4.42434	-11.7732	-2.04614	1.81739	4.58347	-11.632	4.6	-11.6	-0.998955	2.99688
4.42344	-11.5889	-1.7791	2.06295	4.56619	-11.4576	4.55	-11.45	-0.99896	2.99689
4.33458	-11.4858	-1.7791	2.06295	4.46846	-11.2092	4.5	-11.3	-1.00106	3.00319
4.33453	-11.2833	-1.54551	2.3247	4.46017	-11.1425	4.45	-11.15	-1.00106	3.00319
4.24946	-11.1553	-1.54551	2.3247	4.43672	-11.0976	4.45	-11.05	0	1.8168
4.28109	-10.9954	-1.2389	2.40859	4.43803	-10.9525	4.45	-10.95	0	1.81679
4.21917	-10.8751	-1.2389	2.40859	4.40556	-10.7068	4.45	-10.8	0	3.00139
4.28246	-10.7156	-0.909653	2.51129	4.45507	-10.6618	4.45	-10.65	0	3.00138
4.23699	-10.5901	-0.909653	2.51129	4.44716	-10.5583	4.45	-10.55	0	2.00041
4.30009	-10.455	-0.624037	2.53637	4.45187	-10.4417	4.45	-10.45	0	2.00038
4.26887	-10.3282	-0.624037	2.53637	4.45602	-10.2142	4.5	-10.3	0.999584	2.99875
4.36878	-10.1735	-0.279114	2.60952	4.55349	-10.1343	4.55	-10.15	0.999574	2.99871
4.35342	-10.0299	-0.279114	2.60952	4.56608	-10.005	4.55	-10	0	2.72717
4.4325	-9.86712	-0.0309971	2.6602	4.55922	-9.84124	4.55	-9.85	0	2.72714
4.4308	-9.7209	-0.0309971	2.6602	4.62339	-9.6559	4.65	-9.7	1.8193	2.72895
4.56564	-9.55756	0.327601	2.70515	4.7439	-9.53522	4.75	-9.55	1.81929	2.72894
4.58202	-9.42232	0.327601	2.70515	4.74852	-9.27389	4.8	-9.4	1.00006	3.00019
4.70293	-9.26748	0.602444	2.75663	4.8446	-9.24095	4.85	-9.25	1.00005	3.00015
4.73306	-9.12966	0.602444	2.75663	4.98605	-9.20516	4.95	-9.15	2.00004	2.00005
4.87209	-9.00812	0.888958	2.71378	5.02283	-9.03066	5.05	-9.05	2.00004	2.00004
4.91655	-8.87239	0.888958	2.71378	5.12819	-8.95913	5.1	-8.9	0.999704	2.99911
5.03603	-8.73419	1.08631	2.72027	5.14109	-8.73073	5.15	-8.75	0.999689	2.99907
5.09577	-8.5846	1.08631	2.72027	5.33883	-8.81618	5.25	-8.65	1.81848	1.81849
5.24474	-8.49192	1.32078	2.5707	5.36408	-8.56805	5.35	-8.55	1.81846	1.81846
5.31075	-8.36343	1.32078	2.5707	5.38848	-8.31037	5.45	-8.4	2.00068	3.00103
5.445	-8.24211	1.50019	2.55185	5.53874	-8.25196	5.55	-8.25	2.00066	3.00099
5.52002	-8.11448	1.50019	2.55185	5.56632	-8.04704	5.65	-8.15	1.99952	1.99953
5.65804	-8.01404	1.66588	2.48034	5.7459	-8.05196	5.75	-8.05	1.9995	1.9995
5.74134	-7.89002	1.66588	2.48034	5.78426	-7.91676	5.8	-7.95	0.999944	1.99989
5.83508	-7.81395	1.69336	2.35418	5.84978	-7.88144	5.85	-7.85	0.999939	1.99988
5.91985	-7.69611	1.69336	2.35418	5.92249	-7.69769	5.95	-7.75	1.99772	1.99772
6.0194	-7.60687	1.73226	2.27893	6.04031	-7.64732	6.05	-7.65	1.99771	1.9977
6.11459	-7.48165	1.73226	2.27893	6.16773	-7.55437	6.15	-7.55	1.8199	1.8199
6.22209	-7.39762	1.76462	2.17069	6.23866	-7.45306	6.25	-7.45	1.8199	1.81991
6.31043	-7.28895	1.76462	2.17069	6.25322	-7.17734	6.4	-7.35	2.99605	1.99736
6.46432	-7.2092	1.93695	2.0946	6.55461	-7.24907	6.55	-7.25	2.99605	1.99736
6.57071	-7.09415	1.93695	2.0946	6.67172	-7.23041	6.65	-7.2	1.8206	0.910303
6.707	-7.05523	2.01551	1.89459	6.74664	-7.15616	6.75	-7.15	1.8206	0.910298
6.80785	-6.96043	2.01551	1.89459	6.79888	-6.99594	6.85	-7.05	1.99848	1.99848
6.9276	-6.9059	2.0652	1.78869	6.95342	-6.96092	6.95	-6.95	1.99846	1.99846
7.0412	-6.8075	2.0652	1.78869	7.17955	-6.9446	7.1	-6.85	2.72688	1.81792
7.19556	-6.71644	2.17228	1.76944	7.24929	-6.7261	7.25	-6.75	2.72688	1.81792
7.31504	-6.61912	2.17228	1.76944	7.42782	-6.72337	7.35	-6.65	1.81821	1.81821
7.44708	-6.53342	2.20529	1.73895	7.46332	-6.54842	7.45	-6.55	1.81821	1.81821
7.56843	-6.43773	2.20529	1.73895	7.54452	-6.5069	7.55	-6.5	1.81726	0.908632
7.67395	-6.39596	2.16372	1.5974	7.65373	-6.46481	7.65	-6.45	1.81726	0.908632
7.79286	-6.30818	2.16372	1.5974	7.8635	-6.45394	7.8	-6.4	2.72951	0.909839
7.92492	-6.27514	2.19824	1.4537	7.94162	-6.34466	7.95	-6.35	2.72948	0.909826
8.03481	-6.20248	2.19824	1.4537	7.89525	-6.11857	8.05	-6.25	2.00047	2.00048
8.13564	-6.13584	2.17444	1.43784	8.12355	-6.14389	8.15	-6.15	2.00048	2.00048
8.25524	-6.05675	2.17444	1.43784	8.31423	-6.05705	8.3	-6.05	2.72702	1.81801
8.40889	-5.97502	2.26385	1.44479	8.45315	-5.97158	8.45	-5.95	2.727	1.818
8.52201	-5.90283	2.26385	1.44479	8.53167	-5.90349	8.55	-5.9	2.00127	1.00064
8.63808	-5.83203	2.27162	1.44111	8.64207	-5.83392	8.65	-5.85	2.00128	1.00064
8.75167	-5.75997	2.27162	1.44111	8.88764	-5.82241	8.8	-5.75	2.99963	1.99976
8.89771	-5.67003	2.35698	1.48812	8.94256	-5.64534	8.95	-5.65	2.99961	1.99974
9.01574	-5.59552	2.35698	1.48812	9.21669	-5.64514	9.05	-5.55	1.99699	1.997
9.14196	-5.49245	2.37854	1.56322	9.15342	-5.45253	9.15	-5.45	1.997	1.99701
9.27289	-5.4064	2.37854	1.56322	9.16723	-5.29709	9.25	-5.35	1.8166	1.81659
9.38015	-5.28431	2.31631	1.6579	9.34852	-5.23619	9.35	-5.25	1.8166	1.81659
9.50726	-5.19333	2.31631	1.6579	9.39027	-5.1041	9.45	-5.15	1.8222	1.82219
9.5943	-5.07844	2.21105	1.72069	9.54207	-5.04728	9.55	-5.05	1.82219	1.82219
9.70507	-4.99223	2.21105	1.72069	9.62802	-5.02338	9.65	-5	1.99604	0.998028
9.78785	-4.92169	2.13747	1.67951	9.75	-4.94288	9.75	-4.95	1.99605	0.998028
9.90536	-4.82936	2.13747	1.67951	9.88102	-4.86216	9.85	-4.85	1.81895	1.81894
9.98918	-4.74804	2.04896	1.65058	9.94502	-4.76247	9.95	-4.75	1.81894	1.81894
10.1018	-4.65733	2.04896	1.65058	10.0747	-4.62454	10.05	-4.6	1.81966	2.72951
10.1812	-4.5171	1.96177	1.78061	10.1384	-4.4533	10.15	-4.45	1.81965	2.72948
10.289	-4.41921	1.96177	1.78061	10.1743	-4.32841	10.25	-4.35	1.81908	1.81907
10.3759	-4.29418	1.90678	1.85185	10.3492	-4.25956	10.35	-4.25	1.81908	1.81907
10.4712	-4.20162	1.90678	1.85185	10.56	-4.15868	10.45	-4.1	2.00061	3.0009
10.5619	-4.04545	1.8946	2.01905	10.5557	-3.96034	10.55	-3.95	2.0006	3.0009
10.6567	-3.94447	1.8946	2.01905	10.7738	-3.89129	10.65	-3.85	1.99963	1.99964
10.7463	-3.80336	1.8813	2.12465	10.7394	-3.74821	10.75	-3.75	1.99962	1.99962
10.8404	-3.69711	1.8813	2.12465	10.7674	-3.58281	10.8	-3.6	0.999844	2.99952
10.9032	-3.52569	1.79899	2.29612	10.8596	-3.4348	10.85	-3.45	0.999834	2.99949
10.9931	-3.41092	1.79899	2.29612	10.9601	-3.36033	10.95	-3.35	2.00065	2.00064
11.0695	-3.27751	1.76329	2.34516	11.0504	-3.25128	11.05	-3.25	2.00064	2.00064
11.1578	-3.16008	1.76329	2.34516	11.0282	-3.07488	11.1	-3.1	0.998546	2.99563
11.2091	-3.00177	1.66609	2.45267	11.1569	-2.944	11.15	-2.95	0.998526	2.9956
11.3006	-2.86706	1.66609	2.45267	11.1386	-2.78926	11.15	-2.8	0	2.73104
11.2851	-2.6976	1.38479	2.54397	11.141	-2.65084	11.15	-2.65	0	2.73102
11.3613	-2.55766	1.38479	2.54397	11.1042	-2.54354	11.15	-2.55	0	1.81785
11.3127	-2.43563	1.05727	2.49693	11.1497	-2.45904	11.15	-2.45	0	1.81785
11.3657	-2.31061	1.05727	2.49693	11.1658	-2.25651	11.25	-2.25	1.99733	3.99465
11.3933	-2.12881	0.990861	2.64625	11.3591	-2.05184	11.35	-2.05	1.99733	3.99465
11.4478	-1.98329	0.990861	2.64625	11.3117	-1.92025	11.35	-1.95	0	1.81854
11.4366	-1.85011	0.818268	2.61384	11.3504	-1.8663	11.35	-1.85	0	1.81853
11.4816	-1.70637	0.818268	2.61384	11.4185	-1.70062	11.35	-1.7	0	2.72762
11.4524	-1.54926	0.623434	2.64892	11.3568	-1.53205	11.35	-1.55	0	2.72762
11.4867	-1.40353	0.623434	2.64892	11.2541	-1.38373	11.3	-1.4	-0.908846	2.72653
11.3988	-1.25102	0.302582	2.66671	11.2429	-1.24238	11.25	-1.25	-0.908846	2.72653
11.4154	-1.10451	0.302582	2.66671	11.0754	-1.08747	11.15	-1.1	-1.82014	2.73021
11.2656	-0.944368	-0.134211	2.70249	11.0544	-0.927069	11.05	-0.949999	-1.82013	2.73021
11.2589	-0.809292	-0.134211	2.70249	10.9247	-0.791254	11	-0.799999	-1.00036	3.00107
11.1199	-0.659751	-0.481911	2.7405	10.9434	-0.640459	10.95	-0.65	-1.00035	3.00104
11.0958	-0.522729	-0.481911	2.7405	10.7146	-0.485949	10.85	-0.5	-2.00003	3.00006
10.9348	-0.375932	-0.84195	2.76621	10.7471	-0.362528	10.75	-0.35	-2.00002	3.00003
10.8885	-0.223757	-0.84195	2.76621	10.6895	-0.304531	10.65	-0.3	-1.81779	0.908892
10.715	-0.155645	-1.17619	2.5453	10.547	-0.266677	10.55	-0.25	-1.81778	0.908893
10.6562	-0.0284052	-1.17619	2.5453	10.5032	-0.154501	10.4	-0.15	-3.00061	2.00041
10.4498	0.0369127	-1.56433	2.38245	10.2485	-0.0475524	10.25	-0.0499992	-3.0006	2.00041
10.3715	0.156247	-1.56433	2.38245	10.1407	-0.0721585	10.15	-0.0499992	-1.99645	0
10.1835	0.13845	-1.85277	2.0217	10.0313	-0.0518611	10.05	-0.0499992	-1.99644	0
10.0817	0.249462	-1.85277	2.0217	10.0898	-0.00166396	9.9	9.49949e-07	-2.73175	0.910584
9.88004	0.225803	-2.11541	1.66784	9.74695	0.0464954	9.75	0.0500011	-2.73174	0.910584
9.7741	0.309322	-2.11541	1.66784	9.50401	0.0833188	9.6	0.100001	-2.99544	0.998471
9.57957	0.290111	-2.34841	1.3977	9.45825	0.149456	9.45	0.15	-2.99545	0.998471
9.45051	0.366923	-2.34841	1.3977	9.22819	0.16178	9.35	0.15	-1.81963	0
9.28831	0.312765	-2.43545	1.05362	9.24456	0.139817	9.25	0.15	-1.81962	0
9.16656	0.365436	-2.43545	1.05362	9.0729	0.205961	9.1	0.2	-3.00059	1.0002
9.01013	0.347392	-2.52667	0.867674	8.96281	0.250937	8.95	0.25	-3.0006	1.0002
8.88379	0.390777	-2.52667	0.867674	8.84168	0.257617	8.8	0.25	-2.99995	0
8.71502	0.355137	-2.63831	0.659793	8.65606	0.24536	8.65	0.25	-2.99994	0
8.5828	0.388201	-2.63831	0.659793	8.43549	0.247188	8.5	0.25	-2.99323	0
8.40532	0.350291	-2.7574	0.473081	8.34184	0.250769	8.35	0.25	-2.9932	0
8.25394	0.376262	-2.7574	0.473081	8.27073	0.243988	8.2	0.25	-2.73233	0
8.07517	0.341756	-2.82938	0.314174	8.03847	0.260731	8.05	0.25	-2.73234	0
7.93381	0.357452	-2.82938	0.314174	7.98053	0.204587	7.9	0.2	-3.00234	-1.00078
7.76754	0.278885	-2.89488	0.0662941	7.73327	0.149199	7.75	0.15	-3.00231	-1.00077
7.6226	0.282204	-2.89488	0.0662941	7.46173	0.143776	7.6	0.15	-2.99599	0
7.46801	0.228646	-2.92027	-0.0833195	7.45455	0.149294	7.45	0.15	-2.99596	0
7.30738	0.224063	-2.92027	-0.0833195	7.37986	0.0951006	7.35	0.100001	-1.81801	-0.908998
7.19832	0.149032	-2.78477	-0.268423	7.26713	0.055036	7.25	0.0500011	-1.81801	-0.908998
7.04503	0.134256	-2.78477	-0.268423	7.32548	-0.0461763	7.1	-0.0499995	-2.72495	-1.81664
6.90892	0.00956315	-2.73963	-0.557069	6.93127	-0.133333	6.95	-0.15	-2.72492	-1.81662
6.7585	-0.0210238	-2.73963	-0.557069	7.09668	-0.264116	6.9	-0.25	-0.910634	-1.82126
6.71314	-0.179172	-2.46379	-0.891944	6.84796	-0.34284	6.85	-0.35	-0.910622	-1.82124
6.58981	-0.223823	-2.46379	-0.891944	6.64638	-0.45061	6.7	-0.45	-2.99641	-1.99759
6.50117	-0.38305	-2.37256	-1.19312	6.54772	-0.536719	6.55	-0.549999	-2.99637	-1.99757
6.37081	-0.44861	-2.37256	-1.19312	6.50462	-0.718	6.5	-0.7	-0.909955	-2.72986
6.33331	-0.660599	-2.12859	-1.57779	6.45451	-0.851695	6.45	-0.85	-0.909955	-2.72986
6.2268	-0.739551	-2.12859	-1.57779	6.42547	-0.999512	6.4	-1	-0.999224	-2.99766
6.22016	-0.964584	-1.86596	-1.96192	6.3554	-1.1624	6.35	-1.15	-0.99921	-2.99763
6.11749	-1.07253	-1.86596	-1.96192	6.14523	-1.27904	6.3	-1.3	-0.908722	-2.72618
6.10788	-1.29875	-1.62146	-2.27264	6.2299	-1.45381	6.25	-1.45	-0.908718	-2.72616
6.01884	-1.42355	-1.62146	-2.27264	6.37158	-1.60661	6.3	-1.6	0.910485	-2.73144
6.11107	-1.63705	-1.14545	-2.50552	6.34473	-1.75136	6.35	-1.75	0.910481	-2.73144
6.05371	-1.76253	-1.14545	-2.50552	6.34	-1.88987	6.35	-1.9	0	-2.99515
6.15074	-1.95236	-0.739577	-2.67469	6.35828	-2.03886	6.35	-2.05	0	-2.99515
6.11008	-2.09939	-0.739577	-2.67469	6.45002	-2.23466	6.35	-2.2	0	-2.72856
6.18699	-2.28733	-0.430738	-2.78212	6.34057	-2.34076	6.35	-2.35	0	-2.72854
6.16327	-2.44049	-0.430738	-2.78212	6.4979	-2.56206	6.4	-2.5	0.908227	-2.7247
6.27661	-2.61857	-0.0708929	-2.84752	6.45265	-2.65056	6.45	-2.65	0.908223	-2.72467
6.27271	-2.77518	-0.0708929	-2.84752	6.46538	-2.81029	6.45	-2.8	0	-2.72732
6.35187	-2.93542	0.147117	-2.85703	6.45762	-2.94003	6.45	-2.95	0	-2.7273
6.35997	-3.09256	0.147117	-2.85703	6.36717	-3.08903	6.5	-3.15	0.909078	-3.6363
6.44544	-3.28912	0.350204	-2.96048	6.54349	-3.33906	6.55	-3.35	0.90907	-3.63626
6.46469	-3.45178	0.350204	-2.96048	6.6454	-3.53435	6.6	-3.5	0.910038	-2.7301
6.55995	-3.63926	0.549711	-3.02563	6.65608	-3.67065	6.65	-3.65	0.910033	-2.7301
6.59022	-3.80585	0.549711	-3.02563	6.70981	-3.81998	6.7	-3.8	0.908095	-2.7243
6.67521	-3.9665	0.693285	-3.01004	6.74422	-3.95901	6.75	-3.95	0.908091	-2.72428
6.71326	-4.13172	0.693285	-3.01004	6.72525	-4.05329	6.8	-4.1	0.910949	-2.73284
6.78971	-4.27817	0.794048	-2.9608	6.83817	-4.25449	6.85	-4.25	0.910945	-2.73284
6.82942	-4.42623	0.794048	-2.9608	6.86491	-4.32753	6.9	-4.35	0.999834	-1.99968
6.90332	-4.52261	0.883921	-2.82493	6.94879	-4.45387	6.95	-4.45	0.999829	-1.99966
6.9476	-4.6641	0.883921	-2.82493	6.99339	-4.57763	7.05	-4.6	1.99653	-2.99479
7.05587	-4.78896	1.05227	-2.78119	7.14339	-4.76622	7.15	-4.75	1.99653	-2.99479
7.10843	-4.92789	1.05227	-2.78119	7.11889	-4.79341	7.2	-4.85	1.00098	-2.00196
7.2019	-5.0168	1.15991	-2.64959	7.25883	-4.94719	7.25	-4.95	1.00097	-2.00194
7.26565	-5.16243	1.15991	-2.64959	7.28536	-5.09276	7.3	-5.1	0.90969	-2.72906
7.33362	-5.28278	1.171	-2.58314	7.33925	-5.24908	7.35	-5.25	0.909677	-2.72904
7.39218	-5.41195	1.171	-2.58314	7.33914	-5.30864	7.45	-5.4	1.99976	-2.99964
7.49256	-5.54636	1.28099	-2.59691	7.5499	-5.55354	7.55	-5.55	1.99976	-2.99964
7.55659	-5.67616	1.28099	-2.59691	7.59167	-5.64447	7.6	-5.65	1.00038	-2.00076
7.63073	-5.77571	1.3076	-2.51735	7.64483	-5.73357	7.65	-5.75	1.00037	-2.00074
7.70271	-5.91429	1.3076	-2.51735	7.6402	-5.81769	7.75	-5.9	1.81659	-2.7249
7.80439	-6.05206	1.38563	-2.51525	7.84396	-6.051	7.85	-6.05	1.81659	-2.7249
7.88058	-6.19038	1.38563	-2.51525	7.91394	-6.15143	7.9	-6.15	0.909251	-1.81851
7.95391	-6.29864	1.37809	-2.43633	7.95018	-6.25957	7.95	-6.25	0.909247	-1.81849
8.02981	-6.43282	1.37809	-2.43633	8.10134	-6.38026	8.05	-6.35	1.81576	-1.81577
8.12903	-6.51934	1.43933	-2.31125	8.15891	-6.45832	8.15	-6.45	1.81577	-1.81577
8.20804	-6.64621	1.43933	-2.31125	8.3424	-6.65648	8.25	-6.6	1.8218	-2.73269
8.30715	-6.76134	1.49209	-2.28045	8.33273	-6.74641	8.35	-6.75	1.8218	-2.73269
8.38931	-6.88692	1.49209	-2.28045	8.46635	-6.96022	8.4	-6.9	0.907987	-2.72401
8.45927	-7.02426	1.46007	-2.31131	8.44383	-7.03914	8.45	-7.05	0.907988	-2.72398
8.53949	-7.15124	1.46007	-2.31131	8.53661	-7.23635	8.5	-7.2	0.910054	-2.73014
8.59228	-7.31805	1.38808	-2.41579	8.55761	-7.36836	8.55	-7.35	0.910046	-2.73012
8.66174	-7.43894	1.38808	-2.41579	8.70486	-7.48959	8.65	-7.45	1.99827	-1.99828
8.74206	-7.55791	1.41661	-2.41074	8.7565	-7.55536	8.75	-7.55	1.99828	-1.99828
8.81998	-7.69051	1.41661	-2.41074	8.74707	-7.66927	8.8	-7.7	0.909061	-2.72717
8.87719	-7.83651	1.36222	-2.44595	8.85031	-7.85391	8.85	-7.85	0.909053	-2.72715
8.95212	-7.97106	1.36222	-2.44595	8.88546	-7.96913	8.9	-8	0.908945	-2.72688
8.99364	-8.1312	1.27447	-2.51315	8.95085	-8.16397	8.95	-8.15	0.908953	-2.72687
9.06365	-8.26926	1.27447	-2.51315	9.03618	-8.239	9.05	-8.25	1.82026	-1.82027
9.14151	-8.38124	1.29506	-2.44468	9.15149	-8.34807	9.15	-8.35	1.82025	-1.82026
9.20628	-8.50349	1.29506	-2.44468	9.14011	-8.44049	9.2	-8.5	0.999884	-2.99963
9.25305	-8.63636	1.24777	-2.47258	9.22902	-8.65053	9.25	-8.65	0.999874	-2.9996
9.31548	-8.76008	1.24777	-2.47258	9.23666	-8.722	9.3	-8.8	0.999284	-2.99783
9.37204	-8.9124	1.23232	-2.54782	9.36398	-8.95164	9.35	-8.95	0.999284	-2.99784
9.43981	-9.05251	1.23232	-2.54782	9.47823	-9.13791	9.4	-9.05	0.909209	-1.81844
9.47715	-9.17749	1.15238	-2.50807	9.43696	-9.1575	9.45	-9.15	0.90921	-1.81843
9.54058	-9.31553	1.15238	-2.50807	9.44585	-9.27158	9.5	-9.3	0.908483	-2.72543
9.57558	-9.45285	1.07775	-2.50619	9.53884	-9.45193	9.55	-9.45	0.908475	-2.72542
9.63481	-9.59059	1.07775	-2.50619	9.6872	-9.68187	9.6	-9.6	0.909756	-2.72927
9.68474	-9.74132	1.05331	-2.54027	9.67284	-9.75791	9.65	-9.75	0.909739	-2.72923
9.73748	-9.86851	1.05331	-2.54027	9.86489	-10.0711	9.7	-9.9	0.998626	-2.99586
9.77179	-10.0175	1.00488	-2.5976	9.74713	-10.0467	9.75	-10.05	0.998616	-2.99584
9.82703	-10.1603	1.00488	-2.5976	9.75497	-10.1932	9.75	-10.2	0	-2.72857
9.82353	-10.3291	0.850546	-2.66579	9.74697	-10.3629	9.75	-10.35	0	-2.72854
9.87027	-10.4756	0.850546	-2.66579	9.77249	-10.4428	9.8	-10.5	0.909773	-2.7293
9.89319	-10.6326	0.787998	-2.69351	9.86261	-10.6462	9.85	-10.65	0.909773	-2.7293
9.93651	-10.7807	0.787998	-2.69351	9.86786	-10.8223	9.85	-10.8	0	-2.72846
9.92074	-10.9341	0.632878	-2.70736	9.8455	-10.9408	9.85	-10.95	0	-2.72844
9.95554	-11.083	0.632878	-2.70736	9.84594	-11.0973	9.85	-11.1	0	-2.72748
9.92204	-11.239	0.453609	-2.72614	9.83549	-11.2481	9.85	-11.25	0	-2.72745
9.94475	-11.3755	0.453609	-2.72614	9.8926	-11.4631	9.85	-11.4	0	-2.9967
9.92624	-11.5365	0.345308	-2.79067	9.87136	-11.5692	9.85	-11.55	0	-2.99671
9.94523	-11.69	0.345308	-2.79067	9.89882	-11.7746	9.8	-11.7	-0.909227	-2.72768
9.86996	-11.8516	0.0976933	-2.81223	9.74749	-11.8623	9.75	-11.85	-0.909218	-2.72765
9.87534	-12.0064	0.0976933	-2.81223	9.75738	-12.0161	9.7	-12	-0.908714	-2.72613
9.78135	-12.1568	-0.163199	-2.80093	9.65408	-12.1513	9.65	-12.15	-0.908706	-2.7261
9.77238	-12.3108	-0.163199	-2.80093	9.60373	-12.2428	9.6	-12.25	-0.909639	-1.81931
9.66508	-12.4078	-0.421279	-2.6515	9.54006	-12.3354	9.55	-12.35	-0.90964	-1.8193
9.64191	-12.5536	-0.421279	-2.6515	9.38815	-12.3607	9.45	-12.45	-1.81824	-1.81825
9.50037	-12.6281	-0.731939	-2.46418	9.35049	-12.5377	9.35	-12.55	-1.81823	-1.81823
9.46009	-12.7637	-0.731939	-2.46418	9.33568	-12.8372	9.2	-12.65	-2.72578	-1.81718
9.25508	-12.8345	-1.1642	-2.2943	9.04708	-12.7528	9.05	-12.75	-2.72576	-1.81717
9.19108	-12.9607	-1.1642	-2.2943	8.97697	-12.8161	8.95	-12.85	-1.8192	-1.81921
9.00415	-13.0229	-1.4868	-2.12668	8.84904	-12.9423	8.85	-12.95	-1.81921	-1.81921
8.92239	-13.1398	-1.4868	-2.12668	8.64934	-12.9537	8.7	-13.05	-2.72781	-1.81854
8.71115	-13.2094	-1.82656	-2.00227	8.5479	-13.1496	8.55	-13.15	-2.7278	-1.81853
8.61066	-13.3195	-1.82656	-2.00227	8.43462	-13.263	8.4	-13.15	-2.72644	0
8.39947	-13.3052	-2.11701	-1.67555	8.26001	-13.1483	8.25	-13.15	-2.72641	0
8.29365	-13.3889	-2.11701	-1.67555	8.10139	-13.1447	8.1	-13.15	-3.00083	0
8.08629	-13.3381	-2.38388	-1.32185	7.95138	-13.1593	7.95	-13.15	-3.00084	0
7.9551	-13.4109	-2.38388	-1.32185	7.85182	-13.2702	7.8	-13.2	-2.72553	-0.908516
7.74416	-13.3886	-2.59334	-1.07227	7.64076	-13.2654	7.65	-13.25	-2.72554	-0.908516
7.60144	-13.4476	-2.59334	-1.07227	7.51359	-13.2891	7.5	-13.2	-2.72544	0.908483
7.41436	-13.3465	-2.7098	-0.651864	7.35762	-13.1417	7.35	-13.15	-2.72544	0.908483
7.26548	-13.3823	-2.7098	-0.651864	7.19553	-13.2012	7.2	-13.15	-2.73035	0
7.08859	-13.3028	-2.78337	-0.34922	7.05296	-13.1563	7.05	-13.15	-2.73035	0
6.93549	-13.3221	-2.78337	-0.34922	6.87644	-13.2105	6.85	-13.15	-3.63616	0
6.73367	-13.2508	-2.91124	-0.111932	6.672	-13.1364	6.65	-13.15	-3.63617	0
6.57341	-13.257	-2.91124	-0.111932	6.53838	-13.1322	6.55	-13.15	-1.81656	0
6.43786	-13.217	-2.84641	0.0092445	6.46904	-13.1587	6.45	-13.15	-1.81657	0
6.28152	-13.2165	-2.84641	0.0092445	6.22921	-13.0167	6.3	-13.1	-2.73109	0.910352
6.13935	-13.1346	-2.80924	0.222778	6.15723	-13.0319	6.15	-13.05	-2.73109	0.91036
5.98462	-13.1223	-2.80924	0.222778	5.95573	-12.8757	6	-12.95	-2.72331	1.81553
5.84193	-12.9916	-2.77763	0.533684	5.85711	-12.8423	5.85	-12.85	-2.72331	1.81554
5.68923	-12.9622	-2.77763	0.533684	5.73901	-12.8863	5.7	-12.8	-2.72842	0.909475
5.5451	-12.8544	-2.75513	0.739534	5.5559	-12.7556	5.55	-12.75	-2.72839	0.909466
5.39377	-12.8138	-2.75513	0.739534	5.41889	-12.699	5.4	-12.65	-2.731	1.82067
5.23995	-12.673	-2.76167	1.00244	5.23681	-12.5467	5.25	-12.55	-2.731	1.82066
5.08806	-12.6179	-2.76167	1.00244	5.16911	-12.5003	5.15	-12.45	-1.81821	1.8182
4.98636	-12.4707	-2.62999	1.24387	5.04959	-12.3548	5.05	-12.35	-1.8182	1.8182
4.85483	-12.4085	-2.62999	1.24387	4.99996	-12.3538	4.95	-12.25	-1.99957	1.99957
4.78617	-12.2584	-2.46474	1.47495	4.86969	-12.1416	4.85	-12.15	-1.99954	1.99955
4.66292	-12.1846	-2.46474	1.47495	4.83937	-12.0439	4.8	-12.05	-0.999954	1.99993
4.63831	-12.0364	-2.20527	1.6709	4.77326	-11.9345	4.75	-11.95	-0.999959	1.99992
4.52806	-11.9529	-2.20527	1.6709	4.5839	-11.6711	4.65	-11.8	-2.0002	3.00031
4.46952	-11.7708	-2.06919	1.93029	4.54148	-11.6336	4.55	-11.65	-2.0002	3.0003
4.36593	-11.6741	-2.06919	1.93029	4.53697	-11.5591	4.55	-11.55	0	1.99749
4.38298	-11.5265	-1.75178	2.06456	4.55238	-11.4548	4.55	-11.45	0	1.99746
4.28664	-11.4129	-1.75178	2.06456	4.47604	-11.2089	4.5	-11.25	-0.90916	3.63662
4.304	-11.1944	-1.45301	2.34039	4.45629	-11.0538	4.45	-11.05	-0.909152	3.63659
4.22408	-11.0657	-1.45301	2.34039	4.39651	-10.8822	4.45	-10.95	0	1.81807
4.28083	-10.9063	-1.09409	2.42081	4.45899	-10.8664	4.45	-10.85	0	1.81808
4.22069	-10.7732	-1.09409	2.42081	4.493	-10.7885	4.45	-10.7	0	2.72865
4.28315	-10.6026	-0.772245	2.51937	4.44058	-10.5544	4.45	-10.55	0	2.72864
4.24062	-10.4639	-0.772245	2.51937	4.44399	-10.3941	4.45	-10.4	0	2.72392
4.30494	-10.2907	-0.491821	2.60975	4.44086	-10.2469	4.45	-10.25	0	2.72391
4.27791	-10.1473	-0.491821	2.60975	4.53204	-10.1814	4.5	-10.1	0.909624	2.72885
4.38192	-9.97881	-0.147919	2.67532	4.54793	-9.94716	4.55	-9.95	0.909615	2.72884
4.37378	-9.83167	-0.147919	2.67532	4.57622	-9.70975	4.6	-9.8	0.909111	2.72733
4.48846	-9.66436	0.174364	2.72825	4.64364	-9.63888	4.65	-9.65	0.909107	2.72732
4.49805	-9.51439	0.174364	2.72825	4.76627	-9.54952	4.75	-9.5	1.81921	2.7288
4.64908	-9.36713	0.545549	2.72115	4.82761	-9.37054	4.85	-9.35	1.81921	2.7288
4.6791	-9.21741	0.545549	2.72115	4.89701	-9.18082	4.9	-9.2	0.908739	2.72622
4.81203	-9.05582	0.815605	2.75229	4.94177	-9.04086	4.95	-9.05	0.908743	2.72623
4.85693	-8.90434	0.815605	2.75229	5.09012	-9.06486	5.05	-8.95	1.8169	1.81688
5.00657	-8.79346	1.09047	2.64574	5.1385	-8.8446	5.15	-8.85	1.81688	1.81688
5.06648	-8.64809	1.09047	2.64574	5.21345	-8.63875	5.25	-8.7	1.8201	2.73014
5.22025	-8.52244	1.33675	2.59401	5.33853	-8.54729	5.35	-8.55	1.82008	2.73013
5.29368	-8.37996	1.33675	2.59401	5.35874	-8.39385	5.4	-8.45	0.910244	1.82049
5.40914	-8.29191	1.44705	2.45114	5.46213	-8.36055	5.45	-8.35	0.910249	1.8205
5.48162	-8.16914	1.44705	2.45114	5.63723	-8.3352	5.55	-8.2	1.99657	2.99484
5.59041	-8.05213	1.5425	2.43601	5.63863	-8.05978	5.65	-8.05	1.99657	2.99485
5.67522	-7.91819	1.5425	2.43601	5.69655	-7.84304	5.75	-7.95	1.81871	1.81872
5.79638	-7.81364	1.63799	2.35879	5.84353	-7.85177	5.85	-7.85	1.81871	1.81871
5.8864	-7.68402	1.63799	2.35879	5.9537	-7.7033	6	-7.75	2.72961	1.81974
6.05013	-7.60181	1.83156	2.23429	6.14453	-7.66253	6.15	-7.65	2.72961	1.81974
6.14174	-7.49005	1.83156	2.23429	6.27	-7.55894	6.25	-7.55	1.9992	1.9992
6.27833	-7.40549	1.94978	2.1628	6.3386	-7.44193	6.35	-7.45	1.99918	1.99918
6.38551	-7.28659	1.94978	2.1628	6.44365	-7.32743	6.45	-7.35	1.81911	1.81911
6.51734	-7.20646	2.01451	2.06098	6.54947	-7.257	6.55	-7.25	1.81909	1.81909
6.61807	-7.1034	2.01451	2.06098	6.71635	-7.22979	6.65	-7.15	1.99996	1.99996
6.73298	-7.01386	2.05183	2.02546	6.7522	-7.03215	6.75	-7.05	1.99996	1.99996
6.8357	-6.91246	2.05183	2.02546	6.81357	-6.96259	6.85	-7	1.99752	0.998765
6.9435	-6.86335	2.06518	1.8879	6.95051	-6.93564	6.95	-6.95	1.99752	0.998765
7.05695	-6.75964	2.06518	1.8879	7.00414	-6.76319	7.1	-6.85	2.73035	1.82023
7.20705	-6.69884	2.16146	1.7751	7.25571	-6.75585	7.25	-6.75	2.73035	1.82023
7.31509	-6.61012	2.16146	1.7751	7.28718	-6.59248	7.35	-6.65	2.0006	2.0006
7.42581	-6.53298	2.16849	1.74462	7.42947	-6.54884	7.45	-6.55	2.00058	2.00058
7.53432	-6.44568	2.16849	1.74462	7.58756	-6.53752	7.55	-6.5	1.99841	0.999204
7.64693	-6.39387	2.17927	1.65125	7.65263	-6.44325	7.65	-6.45	1.99838	0.999195
7.75591	-6.31129	2.17927	1.65125	7.78988	-6.37954	7.8	-6.4	2.99952	0.999844
7.90321	-6.27498	2.28007	1.52955	7.95705	-6.33998	7.95	-6.35	2.99949	0.999829
8.02877	-6.19076	2.28007	1.52955	8.1289	-6.31809	8.05	-6.25	1.81603	1.81603
8.15326	-6.12176	2.27729	1.48953	8.15184	-6.14215	8.15	-6.15	1.81603	1.81603
8.27844	-6.03988	2.27729	1.48953	8.12981	-5.95044	8.25	-6.05	1.81921	1.81921
8.37967	-5.95578	2.21439	1.49538	8.34844	-5.95288	8.35	-5.95	1.81921	1.81921
8.50138	-5.87359	2.21439	1.49538	8.45627	-5.87026	8.5	-5.9	2.729	0.909673
8.63289	-5.81122	2.24009	1.44333	8.64546	-5.83668	8.65	-5.85	2.72898	0.909661
8.75607	-5.73185	2.24009	1.44333	8.68227	-5.68169	8.8	-5.75	2.72771	1.81848
8.91116	-5.65586	2.32384	1.43445	8.95179	-5.66017	8.95	-5.65	2.72772	1.81848
9.02739	-5.58412	2.32384	1.43445	8.99196	-5.51961	9.05	-5.55	1.99939	1.9994
9.14735	-5.48721	2.33365	1.5006	9.15234	-5.45358	9.15	-5.45	1.9994	1.9994
9.27573	-5.40465	2.33365	1.5006	9.25593	-5.41629	9.25	-5.4	1.81776	0.90888
9.37895	-5.32835	2.26754	1.48418	9.3462	-5.33648	9.35	-5.35	1.81776	0.908875
9.50385	-5.2466	2.26754	1.48418	9.35852	-5.15981	9.45	-5.2	1.81545	2.72317
9.5968	-5.12398	2.18364	1.59148	9.55586	-5.07162	9.55	-5.05	1.81542	2.72314
9.71668	-5.0366	2.18364	1.59148	9.60543	-4.91132	9.65	-4.95	1.82145	1.82147
9.79944	-4.90046	2.08617	1.71949	9.75218	-4.8384	9.75	-4.85	1.82146	1.82146
9.91408	-4.80596	2.08617	1.71949	10.0131	-4.84834	9.85	-4.75	1.81961	1.8196
9.99714	-4.68915	2.00325	1.77805	9.9571	-4.66087	9.95	-4.65	1.8196	1.8196
10.0974	-4.60017	2.00325	1.77805	9.99977	-4.51909	10.05	-4.55	1.99827	1.99828
10.1797	-4.47887	1.9561	1.86299	10.1558	-4.43582	10.15	-4.45	1.99826	1.99826
10.2874	-4.37634	1.9561	1.86299	10.1567	-4.25503	10.25	-4.3	1.81693	2.72538
10.3673	-4.22733	1.88317	1.98506	10.3312	-4.16698	10.35	-4.15	1.81692	2.72536
10.4708	-4.11823	1.88317	1.98506	10.3715	-4.04505	10.45	-4.05	1.81951	1.8195
10.5659	-3.97954	1.86113	2.06276	10.5551	-3.94162	10.55	-3.95	1.8195	1.81951
10.6682	-3.86609	1.86113	2.06276	10.6459	-3.84961	10.65	-3.85	1.81817	1.81818
10.7598	-3.74949	1.83272	2.071	10.746	-3.7455	10.75	-3.75	1.81816	1.81817
10.8607	-3.63547	1.83272	2.071	10.9384	-3.6422	10.85	-3.6	1.81621	2.7243
10.9546	-3.49002	1.81432	2.15345	10.9457	-3.45027	10.95	-3.45	1.8162	2.7243
11.0544	-3.37152	1.81432	2.15345	11.1095	-3.32648	11	-3.3	0.908632	2.72588
11.1053	-3.21195	1.68586	2.26121	11.0435	-3.16012	11.05	-3.15	0.908632	2.72588
11.1979	-3.0877	1.68586	2.26121	10.9851	-2.95299	11.1	-3	0.909905	2.72971
11.2303	-2.91648	1.52763	2.38442	11.1542	-2.85724	11.15	-2.85	0.909888	2.72968
11.3143	-2.7854	1.52763	2.38442	11.0233	-2.67356	11.15	-2.7	0	2.72847
11.2807	-2.61174	1.2191	2.49612	11.1324	-2.55807	11.15	-2.55	0	2.72844
11.3477	-2.47446	1.2191	2.49612	11.2541	-2.42353	11.15	-2.4	0	2.72732
11.3007	-2.3056	0.919741	2.57898	11.1569	-2.2658	11.15	-2.25	0	2.72732
11.3512	-2.16382	0.919741	2.57898	11.2203	-2.08998	11.25	-2.1	1.81905	2.72856
11.3781	-1.98821	0.857515	2.66776	11.3482	-1.94557	11.35	-1.95	1.81905	2.72856
11.4252	-1.84149	0.857515	2.66776	11.3928	-1.80815	11.3	-1.8	-0.90916	2.72747
11.3691	-1.67116	0.586381	2.72972	11.2389	-1.64141	11.25	-1.65	-0.909152	2.72745
11.4014	-1.5208	0.586381	2.72972	11.3341	-1.51762	11.25	-1.5	0	2.72321
11.3579	-1.36065	0.387509	2.75541	11.2625	-1.34833	11.25	-1.35	0	2.72321
11.3792	-1.20918	0.387509	2.75541	11.3121	-1.19064	11.2	-1.2	-0.909524	2.72856
11.2921	-1.05646	0.103079	2.75866	11.1556	-1.0549	11.15	-1.05	-0.909524	2.72856
11.2978	-0.904839	0.103079	2.75866	10.9982	-0.893223	11.05	-0.9	-1.81945	2.72916
11.1446	-0.744353	-0.313703	2.78192	10.9445	-0.73319	10.95	-0.75	-1.81942	2.72913
11.1274	-0.591473	-0.313703	2.78192	10.8362	-0.586	10.9	-0.599999	-0.909839	2.72952
10.9901	-0.43967	-0.628697	2.77908	10.8388	-0.441032	10.85	-0.449999	-0.909822	2.72949
10.9586	-0.300502	-0.628697	2.77908	10.6309	-0.359954	10.7	-0.349999	-2.99538	1.99692
10.7663	-0.19819	-1.05124	2.68221	10.5529	-0.247121	10.55	-0.25	-2.99539	1.99691
10.7085	-0.0505852	-1.05124	2.68221	10.4322	-0.19515	10.45	-0.2	-1.81715	0.908579
10.5199	-0.00761781	-1.39459	2.40734	10.3505	-0.143257	10.35	-0.15	-1.81716	0.908579
10.4434	0.12456	-1.39459	2.40734	10.2068	-0.109014	10.2	-0.0999996	-2.73194	0.910655
10.2297	0.124822	-1.75458	2.06096	10.0541	-0.0441275	10.05	-0.0499992	-2.73194	0.910655
10.1331	0.238278	-1.75458	2.06096	9.89001	0.00816785	9.9	9.49949e-07	-2.72481	0.908268
9.91417	0.221489	-2.07569	1.71909	9.75876	0.0560308	9.75	0.0500011	-2.72477	0.90826
9.79997	0.31607	-2.07569	1.71909	9.63528	0.0929341	9.65	0.100001	-1.81759	0.908784
9.63451	0.295363	-2.21019	1.41654	9.56967	0.149506	9.55	0.15	-1.81757	0.908775
9.51292	0.373293	-2.21019	1.41654	9.56225	0.148577	9.4	0.15	-2.72659	0
9.3304	0.318152	-2.37008	1.06736	9.25348	0.150166	9.25	0.15	-2.72658	0
9.20014	0.376814	-2.37008	1.06736	9.0821	0.207802	9.1	0.2	-2.72925	0.909752
9.01057	0.350444	-2.5257	0.844237	8.93575	0.243169	8.95	0.25	-2.72926	0.909752
8.87169	0.396868	-2.5257	0.844237	8.94634	0.26481	8.8	0.25	-2.72783	0
8.69389	0.359718	-2.62781	0.624938	8.64483	0.254352	8.65	0.25	-2.7278	0
8.54918	0.394131	-2.62781	0.624938	8.46866	0.251128	8.5	0.25	-2.72395	0
8.38379	0.349581	-2.68208	0.417743	8.35775	0.250149	8.35	0.25	-2.72395	0
8.23658	0.372511	-2.68208	0.417743	8.28111	0.196974	8.2	0.2	-2.73278	-0.910929
8.06312	0.288694	-2.75093	0.137634	8.03004	0.154113	8.05	0.15	-2.73279	-0.910929
7.92555	0.295577	-2.75093	0.137634	7.74678	0.154598	7.85	0.15	-3.9992	0
7.72321	0.234121	-2.92114	-0.0419866	7.63715	0.143302	7.65	0.15	-3.99916	0
7.57706	0.23202	-2.92114	-0.0419866	7.61982	0.157052	7.55	0.15	-1.99868	0
7.43443	0.200559	-2.91185	-0.119225	7.43926	0.160393	7.45	0.15	-1.99866	0
7.27422	0.193999	-2.91185	-0.119225	7.34481	0.102019	7.3	0.100001	-2.72622	-0.908734
7.13717	0.126584	-2.85098	-0.279149	7.16771	0.0463372	7.15	0.0500011	-2.72623	-0.908734
6.98042	0.111237	-2.85098	-0.279149	7.05721	-0.05037	7.05	-0.0499995	-1.81887	-1.81889
6.87894	-0.00913851	-2.70585	-0.554972	6.95035	-0.144849	6.95	-0.15	-1.81888	-1.81889
6.7301	-0.0396664	-2.70585	-0.554972	6.87212	-0.243254	6.85	-0.25	-1.81792	-1.81792
6.66114	-0.192266	-2.49615	-0.875413	6.76317	-0.34818	6.75	-0.35	-1.81792	-1.81792
6.5239	-0.240397	-2.49615	-0.875413	6.75759	-0.453523	6.65	-0.45	-1.81881	-1.8188
6.46485	-0.40547	-2.29093	-1.18232	6.56412	-0.553924	6.55	-0.549999	-1.81879	-1.81878
6.33896	-0.470443	-2.29093	-1.18232	6.60439	-0.765755	6.45	-0.749999	-1.81971	-3.63941
6.27943	-0.715105	-2.11675	-1.65384	6.36344	-0.942514	6.35	-0.949999	-1.81969	-3.63937
6.17343	-0.797929	-2.11675	-1.65384	6.35624	-1.10001	6.35	-1.1	0	-2.99522
6.19433	-1.03965	-1.78321	-2.07145	6.36321	-1.25111	6.35	-1.25	0	-2.99519
6.09628	-1.15355	-1.78321	-2.07145	6.30992	-1.40686	6.35	-1.4	0	-2.72817
6.1536	-1.3935	-1.3751	-2.40261	6.35537	-1.55723	6.35	-1.55	0	-2.72817
6.07794	-1.52569	-1.3751	-2.40261	6.50996	-1.74616	6.35	-1.7	0	-2.72628
6.15671	-1.73631	-0.969617	-2.60851	6.35448	-1.83673	6.35	-1.85	0	-2.72628
6.10347	-1.87955	-0.969617	-2.60851	6.38849	-2.02257	6.35	-2	0	-2.73154
6.1825	-2.07335	-0.622398	-2.74122	6.35078	-2.13767	6.35	-2.15	0	-2.73152
6.15133	-2.21064	-0.622398	-2.74122	6.28921	-2.27735	6.35	-2.3	0	-2.99503
6.21157	-2.38638	-0.382137	-2.84227	6.33355	-2.43768	6.35	-2.45	0	-2.99503
6.19057	-2.54254	-0.382137	-2.84227	6.30986	-2.56694	6.4	-2.6	0.909996	-2.73
6.29413	-2.72256	-0.0549287	-2.90492	6.45623	-2.7536	6.45	-2.75	0.91	-2.73
6.29111	-2.8826	-0.0549287	-2.90492	6.40481	-2.87127	6.5	-2.9	0.907593	-2.72277
6.40128	-3.0325	0.242271	-2.8783	6.54629	-3.01951	6.55	-3.05	0.907584	-2.72274
6.4146	-3.19081	0.242271	-2.8783	6.70928	-3.32749	6.55	-3.25	0	-3.63617
6.48063	-3.3958	0.380604	-3.0008	6.54763	-3.45513	6.55	-3.45	0	-3.63613
6.50155	-3.56074	0.380604	-3.0008	6.52015	-3.55608	6.6	-3.6	0.909673	-2.72901
6.57685	-3.73056	0.523305	-3.0136	6.64571	-3.73674	6.65	-3.75	0.909661	-2.72898
6.60564	-3.89633	0.523305	-3.0136	6.71319	-3.83967	6.75	-3.85	1.81795	-1.81795
6.73057	-4.00666	0.775595	-2.86812	6.85201	-3.93663	6.85	-3.95	1.81793	-1.81793
6.77318	-4.16425	0.775595	-2.86812	7.13409	-4.28567	6.9	-4.15	0.909979	-3.63994
6.87724	-4.32481	0.936831	-2.87589	6.9548	-4.32855	6.95	-4.35	0.909975	-3.6399
6.92884	-4.48319	0.936831	-2.87589	7.00947	-4.44692	7	-4.45	0.907889	-1.81577
7.01381	-4.60152	1.02441	-2.77078	7.05586	-4.55105	7.05	-4.55	0.907881	-1.81576
7.07011	-4.7538	1.02441	-2.77078	7.15974	-4.75194	7.1	-4.7	0.909789	-2.72935
7.12915	-4.87117	1.03161	-2.67918	7.13261	-4.82718	7.15	-4.85	0.909777	-2.72933
7.18588	-5.01849	1.03161	-2.67918	7.2829	-5.01975	7.25	-5	1.81861	-2.72792
7.28703	-5.15723	1.14818	-2.65667	7.34301	-5.14642	7.35	-5.15	1.81859	-2.72789
7.34444	-5.29007	1.14818	-2.65667	7.32687	-5.26205	7.4	-5.3	0.999994	-3
7.42757	-5.43445	1.21578	-2.68702	7.46174	-5.44979	7.45	-5.45	0.999999	-3
7.49446	-5.58229	1.21578	-2.68702	7.47116	-5.48352	7.55	-5.55	1.81749	-1.81749
7.60425	-5.69751	1.32848	-2.60132	7.65989	-5.6552	7.65	-5.65	1.81747	-1.81747
7.67728	-5.8405	1.32848	-2.60132	7.78563	-5.85993	7.7	-5.8	0.909598	-2.72881
7.75138	-5.97242	1.3313	-2.57222	7.75276	-5.95823	7.75	-5.95	0.909594	-2.72878
7.82455	-6.11378	1.3313	-2.57222	7.79663	-6.00945	7.85	-6.05	1.81964	-1.81964
7.92088	-6.21107	1.39212	-2.45655	7.95034	-6.15505	7.95	-6.15	1.81962	-1.81962
7.99058	-6.33406	1.39212	-2.45655	8.04642	-6.30578	8.05	-6.3	1.99731	-2.99599
8.0981	-6.4525	1.49152	-2.44459	8.14855	-6.44643	8.15	-6.45	1.99732	-2.99598
8.18013	-6.58695	1.49152	-2.44459	8.26534	-6.60186	8.2	-6.55	0.909111	-1.81822
8.25809	-6.69035	1.48082	-2.36301	8.25279	-6.64996	8.25	-6.65	0.909111	-1.81822
8.33959	-6.8204	1.48082	-2.36301	8.2109	-6.73286	8.3	-6.8	0.90845	-2.72534
8.39189	-6.94903	1.40415	-2.35924	8.35448	-6.94719	8.35	-6.95	0.908442	-2.72531
8.46908	-7.07871	1.40415	-2.35924	8.61718	-7.22425	8.45	-7.1	1.81925	-2.72886
8.54644	-7.22584	1.40462	-2.40503	8.54666	-7.24803	8.55	-7.25	1.81924	-2.72886
8.62358	-7.35793	1.40462	-2.40503	8.69659	-7.3744	8.65	-7.35	1.82079	-1.8208
8.72118	-7.46504	1.45831	-2.33948	8.74711	-7.43338	8.75	-7.45	1.8208	-1.8208
8.79427	-7.58229	1.45831	-2.33948	8.68846	-7.50096	8.8	-7.6	0.997629	-2.99288
8.85984	-7.72268	1.43856	-2.4003	8.84984	-7.75349	8.85	-7.75	0.997629	-2.99288
8.93896	-7.85469	1.43856	-2.4003	8.77486	-7.80083	8.9	-7.9	0.909127	-2.72742
8.98674	-8.02344	1.35624	-2.49681	8.94604	-8.07116	8.95	-8.05	0.909127	-2.7274
9.0613	-8.1607	1.35624	-2.49681	8.92041	-8.11276	9	-8.15	0.909524	-1.81903
9.0846	-8.27039	1.22166	-2.42441	9.01893	-8.23506	9.05	-8.25	0.909516	-1.81902
9.15173	-8.40361	1.22166	-2.42441	9.04724	-8.3711	9.1	-8.4	0.909922	-2.72975
9.19419	-8.53516	1.15689	-2.42003	9.1628	-8.53304	9.15	-8.55	0.909913	-2.72976
9.25786	-8.66836	1.15689	-2.42003	9.09379	-8.55764	9.25	-8.7	1.8169	-2.72535
9.33445	-8.825	1.19078	-2.48155	9.3508	-8.85468	9.35	-8.85	1.81688	-2.72532
9.39986	-8.96132	1.19078	-2.48155	9.40597	-8.96981	9.4	-9	0.910219	-2.73069
9.46002	-9.12606	1.177	-2.55617	9.45338	-9.162	9.45	-9.15	0.910228	-2.73069
9.51899	-9.25414	1.177	-2.55617	9.51544	-9.36256	9.5	-9.3	0.997908	-2.99371
9.57452	-9.41195	1.16794	-2.63431	9.56994	-9.45148	9.55	-9.45	0.997908	-2.99372
9.6387	-9.5567	1.16794	-2.63431	9.62712	-9.59131	9.6	-9.55	0.909971	-1.81993
9.67814	-9.6875	1.10298	-2.59766	9.64603	-9.66938	9.65	-9.65	0.909954	-1.81992
9.73873	-9.8302	1.10298	-2.59766	9.63311	-9.79216	9.65	-9.8	0	-2.73054
9.73319	-9.96666	0.929315	-2.58127	9.64842	-9.95866	9.65	-9.95	0	-2.73053
9.77974	-10.096	0.929315	-2.58127	9.61381	-9.98703	9.7	-10.1	0.998187	-2.99456
9.79437	-10.2351	0.845403	-2.60716	9.7516	-10.2483	9.75	-10.25	0.998187	-2.99455
9.84083	-10.3784	0.845403	-2.60716	9.7698	-10.3568	9.8	-10.4	0.909806	-2.7294
9.87688	-10.5288	0.818053	-2.62601	9.8633	-10.5382	9.85	-10.55	0.909797	-2.72938
9.92187	-10.6733	0.818053	-2.62601	9.8617	-10.6917	9.85	-10.7	0	-2.72718
9.91427	-10.8339	0.679947	-2.66853	9.84674	-10.8547	9.85	-10.85	0	-2.72715
9.95171	-10.9809	0.679947	-2.66853	9.75887	-10.887	9.85	-11	0	-2.72395
9.93425	-11.1353	0.535843	-2.68816	9.86442	-11.1448	9.85	-11.15	0	-2.72395
9.96368	-11.2829	0.535843	-2.68816	9.87245	-11.316	9.85	-11.3	0	-2.73074
9.93015	-11.4376	0.3706	-2.70644	9.85036	-11.4464	9.85	-11.45	0	-2.73075
9.95056	-11.5866	0.3706	-2.70644	9.93142	-11.6783	9.85	-11.6	0	-2.72396
9.90944	-11.7347	0.209148	-2.70407	9.83174	-11.7336	9.85	-11.75	0	-2.72396
9.91989	-11.8699	0.209148	-2.70407	9.80843	-11.8702	9.8	-11.9	-1.0005	-3.00149
9.85438	-12.0246	0.00950741	-2.75548	9.75331	-12.0506	9.75	-12.05	-1.0005	-3.0015
9.85491	-12.1761	0.00950741	-2.75548	9.64519	-12.1714	9.65	-12.15	-1.81799	-1.81797
9.72482	-12.2865	-0.333611	-2.64711	9.55524	-12.2329	9.55	-12.25	-1.81797	-1.81797
9.70649	-12.4319	-0.333611	-2.64711	9.47014	-12.4324	9.45	-12.4	-1.82042	-2.73064
9.53632	-12.5691	-0.732331	-2.62572	9.34172	-12.5587	9.35	-12.55	-1.82041	-2.73063
9.49968	-12.7005	-0.732331	-2.62572	9.21558	-12.6577	9.25	-12.65	-1.99893	-1.99891
9.33555	-12.7971	-1.06751	-2.53446	9.16462	-12.7506	9.15	-12.75	-1.99891	-1.9989
9.27684	-12.9365	-1.06751	-2.53446	9.08802	-12.8351	9.05	-12.85	-1.81839	-1.81839
9.10582	-13.018	-1.36257	-2.38247	8.95936	-12.9426	8.95	-12.95	-1.81838	-1.81838
9.03094	-13.149	-1.36257	-2.38247	8.8569	-13.1416	8.8	-13	-2.72942	-0.909806
8.82393	-13.1768	-1.70949	-2.11178	8.65422	-13.0444	8.65	-13.05	-2.72941	-0.909806
8.73845	-13.2824	-1.70949	-2.11178	8.49168	-13.0983	8.5	-13.15	-2.99987	-1.99991
8.52092	-13.324	-2.05665	-1.94356	8.3436	-13.2381	8.35	-13.25	-2.99984	-1.9999
8.41798	-13.4213	-2.05665	-1.94356	8.19421	-13.0768	8.25	-13.2	-1.99797	0.998985
8.24841	-13.3629	-2.23191	-1.53394	8.15674	-13.1486	8.15	-13.15	-1.99797	0.998985
8.12578	-13.4471	-2.23191	-1.53394	7.9999	-13.1879	8	-13.2	-2.73	-0.910004
7.93861	-13.4118	-2.40151	-1.21951	7.85314	-13.2533	7.85	-13.25	-2.73	-0.910004
7.80628	-13.479	-2.40151	-1.21951	7.57824	-13.1345	7.65	-13.25	-3.62957	0
7.57815	-13.4141	-2.65307	-0.872768	7.45422	-13.2433	7.45	-13.25	-3.62953	0
7.43238	-13.4621	-2.65307	-0.872768	7.33241	-13.2718	7.3	-13.25	-2.7301	0
7.21862	-13.3903	-2.83155	-0.558522	7.13166	-13.2372	7.15	-13.25	-2.73007	0
7.06287	-13.421	-2.83155	-0.558522	6.97467	-13.1643	7	-13.25	-2.72703	0
6.8813	-13.3587	-2.89929	-0.314182	6.84852	-13.2404	6.85	-13.25	-2.727	0
6.72185	-13.3759	-2.89929	-0.314182	6.7113	-13.2598	6.7	-13.2	-2.72742	0.909144
6.55969	-13.2896	-2.9064	-0.0421825	6.55626	-13.1584	6.55	-13.15	-2.72742	0.909144
6.39982	-13.2919	-2.9064	-0.0421825	6.32545	-12.9303	6.4	-13.1	-2.72703	0.908994
6.24489	-13.1851	-2.89345	0.244152	6.25112	-13.0473	6.25	-13.05	-2.727	0.908995
6.08591	-13.1717	-2.89345	0.244152	6.09711	-13.0021	6.1	-13	-2.73	0.910004
5.93939	-13.0712	-2.86073	0.472631	5.95513	-12.9613	5.95	-12.95	-2.72998	0.909996
5.79601	-13.0475	-2.86073	0.472631	5.89343	-13.1185	5.8	-12.9	-2.99275	0.99759
5.6573	-12.9426	-2.84846	0.686111	5.6635	-12.8347	5.65	-12.85	-2.99275	0.99758
5.50078	-12.9049	-2.84846	0.686111	5.61778	-12.8527	5.55	-12.75	-1.81993	1.81994
5.39124	-12.7608	-2.72507	0.9655	5.45219	-12.6228	5.45	-12.65	-1.81994	1.81994
5.24128	-12.7077	-2.72507	0.9655	5.30917	-12.4284	5.35	-12.55	-1.81722	1.81723
5.16122	-12.5626	-2.54153	1.20707	5.25069	-12.4448	5.25	-12.45	-1.81721	1.81721
5.02152	-12.4962	-2.54153	1.20707	5.13338	-12.4375	5.1	-12.35	-2.72881	1.8192
4.91179	-12.361	-2.46284	1.38789	4.9499	-12.2734	4.95	-12.25	-2.72881	1.81921
4.77624	-12.2846	-2.46284	1.38789	4.92993	-12.1787	4.9	-12.15	-0.908467	1.81693
4.7288	-12.1321	-2.23163	1.58748	4.84027	-12.0359	4.85	-12.05	-0.908462	1.81692
4.60604	-12.0448	-2.23163	1.58748	4.79909	-11.9738	4.75	-11.9	-1.81788	2.72684
4.55173	-11.8693	-2.05202	1.81884	4.63814	-11.758	4.65	-11.75	-1.81788	2.72683
4.43897	-11.7694	-2.05202	1.81884	4.50688	-11.4491	4.6	-11.65	-0.909963	1.81994
4.42069	-11.6126	-1.80412	1.96783	4.5399	-11.541	4.55	-11.55	-0.909959	1.81992
4.32148	-11.5044	-1.80412	1.96783	4.46798	-11.2692	4.5	-11.35	-0.909227	3.63689
4.32529	-11.2898	-1.53379	2.2471	4.45518	-11.1556	4.45	-11.15	-0.909218	3.63686
4.24094	-11.1662	-1.53379	2.2471	4.47788	-11.2387	4.4	-11.05	-0.909227	1.81845
4.24964	-11.0029	-1.28964	2.35128	4.36691	-10.9529	4.35	-10.95	-0.909222	1.81844
4.17874	-10.8737	-1.28964	2.35128	4.34978	-10.6819	4.4	-10.8	0.9094	2.72823
4.24812	-10.7058	-0.921524	2.4525	4.42489	-10.6572	4.45	-10.65	0.909396	2.72819
4.20206	-10.5832	-0.921524	2.4525	4.45256	-10.5332	4.45	-10.5	0	3.00113
4.28091	-10.4137	-0.593205	2.57603	4.44692	-10.3512	4.45	-10.35	0	3.00113
4.25124	-10.2848	-0.593205	2.57603	4.41237	-9.99477	4.5	-10.2	0.999524	2.99855
4.36262	-10.1089	-0.222136	2.6997	4.5556	-10.0446	4.55	-10.05	0.999524	2.99856
4.35149	-9.9737	-0.222136	2.6997	4.57379	-9.85032	4.6	-9.9	0.998267	2.9948
4.47343	-9.80185	0.128012	2.79608	4.65841	-9.75093	4.65	-9.75	0.998262	2.99479
4.48046	-9.64837	0.128012	2.79608	4.60255	-9.4741	4.7	-9.65	0.910924	1.82187
4.59755	-9.51383	0.417255	2.74633	4.74425	-9.53907	4.75	-9.55	0.910928	1.82186
4.62053	-9.36261	0.417255	2.74633	4.78405	-9.35872	4.8	-9.4	0.908038	2.72411
4.7443	-9.23017	0.681957	2.697	4.87523	-9.25457	4.85	-9.25	0.908033	2.7241
4.7818	-9.08186	0.681957	2.697	4.92663	-9.02336	4.95	-9.1	1.81851	2.72776
4.91878	-8.9468	0.943092	2.66222	5.04624	-8.96378	5.05	-8.95	1.81852	2.72777
4.9707	-8.80025	0.943092	2.66222	5.1055	-8.72095	5.15	-8.8	1.8165	2.72476
5.12847	-8.64941	1.2209	2.67344	5.26299	-8.64398	5.25	-8.65	1.8165	2.72475
5.19549	-8.50265	1.2209	2.67344	5.34134	-8.5519	5.35	-8.55	1.82159	1.8216
5.33735	-8.39248	1.41729	2.5774	5.43218	-8.43885	5.45	-8.45	1.82157	1.82157
5.4154	-8.25056	1.41729	2.5774	5.5122	-8.36624	5.5	-8.35	0.908054	1.81609
5.51465	-8.16465	1.47295	2.43044	5.54143	-8.23537	5.55	-8.25	0.908054	1.8161
5.59562	-8.03103	1.47295	2.43044	5.72065	-8.20245	5.7	-8.15	2.72851	1.81902
5.75419	-7.95675	1.67654	2.27475	5.85207	-8.0316	5.85	-8.05	2.72849	1.81899
5.84638	-7.83166	1.67654	2.27475	5.99121	-7.96746	5.95	-7.9	1.81851	2.72777
5.98766	-7.7264	1.80535	2.22273	6.04955	-7.75139	6.05	-7.75	1.81852	2.72777
6.087	-7.60409	1.80535	2.22273	6.20599	-7.74241	6.15	-7.65	1.81739	1.81739
6.21331	-7.51787	1.87614	2.12805	6.2473	-7.56333	6.25	-7.55	1.81739	1.81739
6.3166	-7.40071	1.87614	2.12805	6.39144	-7.48582	6.35	-7.45	1.8164	1.81641
6.43112	-7.31838	1.90561	2.03666	6.44526	-7.36223	6.45	-7.35	1.81638	1.81638
6.53588	-7.20642	1.90561	2.03666	6.66209	-7.31025	6.6	-7.25	2.72856	1.81904
6.68841	-7.11552	2.03094	1.9814	6.74856	-7.14204	6.75	-7.15	2.72856	1.81904
6.79995	-7.00669	2.03094	1.9814	6.83447	-7.05268	6.85	-7.05	1.82066	1.82066
6.94056	-6.92599	2.10717	1.90759	6.97717	-6.96144	6.95	-6.95	1.82065	1.82065
7.04592	-6.8306	2.10717	1.90759	7.13677	-6.88363	7.1	-6.85	2.99976	1.99984
7.19591	-6.74007	2.22445	1.89483	7.2552	-6.74652	7.25	-6.75	2.99976	1.99984
7.3072	-6.64527	2.22445	1.89483	7.234	-6.59525	7.3	-6.65	0.999384	1.99876
7.3832	-6.54583	2.13159	1.90703	7.33491	-6.53948	7.35	-6.55	0.999369	1.99874
7.50043	-6.44095	2.13159	1.90703	7.67988	-6.69347	7.5	-6.55	2.72747	0
7.62897	-6.43167	2.16132	1.65579	7.64389	-6.55777	7.65	-6.55	2.72745	0
7.74797	-6.34051	2.16132	1.65579	7.94309	-6.60222	7.75	-6.45	1.81623	1.81624
7.85767	-6.289	2.13689	1.55163	7.84566	-6.34021	7.85	-6.35	1.81623	1.81624
7.97523	-6.20364	2.13689	1.55163	7.9171	-6.24084	8	-6.3	2.72648	0.908821
8.11617	-6.16779	2.19825	1.42164	8.14601	-6.23101	8.15	-6.25	2.72645	0.908817
8.23702	-6.08963	2.19825	1.42164	8.37368	-6.18614	8.25	-6.1	1.81898	2.72847
8.35662	-5.98796	2.19495	1.48336	8.35502	-5.95811	8.35	-5.95	1.81897	2.72844
8.47737	-5.90635	2.19495	1.48336	8.43843	-5.87193	8.5	-5.9	2.72647	0.90883
8.61751	-5.84281	2.24579	1.43593	8.64201	-5.86567	8.65	-5.85	2.72645	0.908817
8.74105	-5.76383	2.24579	1.43593	8.76652	-5.75601	8.75	-5.75	1.81789	1.81788
8.85901	-5.67003	2.23117	1.47479	8.85198	-5.65134	8.85	-5.65	1.81789	1.81788
8.98156	-5.58903	2.23117	1.47479	8.91028	-5.47662	9	-5.55	2.73109	1.82073
9.11768	-5.48675	2.2668	1.53063	9.13482	-5.45989	9.15	-5.45	2.73106	1.82072
9.24237	-5.40255	2.2668	1.53063	9.32693	-5.39468	9.25	-5.35	1.81796	1.81795
9.35087	-5.29263	2.22431	1.59814	9.33045	-5.26019	9.35	-5.25	1.81794	1.81793
9.47312	-5.20479	2.22431	1.59814	9.4498	-5.12838	9.5	-5.15	2.72905	1.81937
9.61403	-5.08436	2.27324	1.68365	9.63754	-5.04328	9.65	-5.05	2.72903	1.81935
9.72785	-5.00006	2.27324	1.68365	9.83281	-5.00671	9.7	-4.95	0.998666	1.99733
9.80167	-4.88642	2.16813	1.76078	9.74856	-4.84745	9.75	-4.85	0.998656	1.99731
9.92098	-4.78952	2.16813	1.76078	9.96003	-4.81123	9.85	-4.75	1.8172	1.81719
9.99398	-4.6803	2.04647	1.79316	9.93394	-4.66432	9.95	-4.65	1.81717	1.81717
10.1064	-4.5818	2.04647	1.79316	10.1357	-4.58625	10.05	-4.55	1.82042	1.82043
10.1862	-4.46542	1.96078	1.84009	10.1444	-4.44253	10.15	-4.45	1.82041	1.82042
10.2941	-4.36419	1.96078	1.84009	10.3185	-4.35401	10.3	-4.35	2.72672	1.81782
10.4229	-4.2565	2.0159	1.85707	10.4496	-4.24828	10.45	-4.25	2.7267	1.8178
10.5338	-4.15432	2.0159	1.85707	10.5826	-4.11494	10.5	-4.1	0.908764	2.72628
10.6048	-4.00777	1.91101	1.97354	10.5542	-3.95161	10.55	-3.95	0.908764	2.72628
10.7098	-3.89929	1.91101	1.97354	10.6618	-3.80699	10.65	-3.8	1.8194	2.72911
10.7907	-3.73044	1.84765	2.13198	10.7602	-3.65417	10.75	-3.65	1.81939	2.72908
10.8923	-3.61319	1.84765	2.13198	10.8593	-3.57039	10.85	-3.55	1.81839	1.81838
10.969	-3.48355	1.78218	2.1645	10.9375	-3.46792	10.95	-3.45	1.81838	1.81838
11.0671	-3.36444	1.78218	2.1645	11.0183	-3.30073	11	-3.3	0.908549	2.72563
11.1218	-3.20141	1.66849	2.27972	11.0672	-3.14607	11.05	-3.15	0.908549	2.72564
11.2136	-3.07599	1.66849	2.27972	11.1054	-3.01303	11.1	-3	0.90888	2.72663
11.2334	-2.90522	1.4797	2.39872	11.1428	-2.8481	11.15	-2.85	0.908863	2.72661
11.3147	-2.77342	1.4797	2.39872	11.1758	-2.69942	11.2	-2.7	0.909988	2.72995
11.3312	-2.59706	1.30957	2.51566	11.2495	-2.5409	11.25	-2.55	0.909988	2.72995
11.4033	-2.45848	1.30957	2.51566	11.4549	-2.46508	11.2	-2.4	-0.907692	2.72306
11.3405	-2.2848	0.955267	2.60778	11.1705	-2.24061	11.15	-2.25	-0.907683	2.72304
11.3929	-2.14166	0.955267	2.60778	11.2202	-2.08176	11.25	-2.1	1.8219	2.73284
11.4047	-1.98637	0.848793	2.63969	11.3536	-1.97104	11.35	-1.95	1.82188	2.73281
11.4516	-1.84079	0.848793	2.63969	11.224	-1.77367	11.35	-1.8	0	2.71996
11.4398	-1.67247	0.695092	2.69937	11.3661	-1.64386	11.35	-1.65	0	2.71993
11.4779	-1.5244	0.695092	2.69937	11.2691	-1.47976	11.35	-1.5	0	2.73448
11.4378	-1.36251	0.489687	2.7356	11.3391	-1.34511	11.35	-1.35	0	2.73446
11.4623	-1.22571	0.489687	2.7356	11.2507	-1.19626	11.25	-1.2	-1.99969	2.99952
11.3435	-1.0693	0.113237	2.78714	11.1532	-1.04324	11.15	-1.05	-1.99967	2.99949
11.3492	-0.929952	0.113237	2.78714	10.9697	-0.89157	11.1	-0.9	-1.00006	3.00024
11.2326	-0.770372	-0.208253	2.84036	11.0654	-0.742685	11.05	-0.75	-1.00006	3.00021
11.2212	-0.614112	-0.208253	2.84036	10.8913	-0.655608	10.95	-0.649999	-1.81771	1.81773
11.0511	-0.497159	-0.625198	2.73707	10.8418	-0.549005	10.85	-0.549999	-1.81772	1.81773
11.0167	-0.346639	-0.625198	2.73707	10.827	-0.442912	10.75	-0.45	-1.81842	1.8184
10.8435	-0.264742	-0.989664	2.55685	10.6642	-0.353413	10.65	-0.35	-1.8184	1.81839
10.794	-0.136915	-0.989664	2.55685	10.5503	-0.248633	10.5	-0.25	-3.00035	2.00024
10.5759	-0.0784459	-1.43305	2.37449	10.3487	-0.171899	10.35	-0.15	-3.00032	2.00022
10.5043	0.0402477	-1.43305	2.37449	10.2559	-0.115293	10.25	-0.0999996	-2.00053	1.00027
10.3084	0.0726937	-1.75989	2.14761	10.137	-0.0462889	10.15	-0.0499992	-2.00053	1.00027
10.2204	0.18007	-1.75989	2.14761	10.0717	0.0165033	10.05	9.49949e-07	-2.00009	1.00004
10.0473	0.190774	-1.98379	1.89327	9.92833	0.0556031	9.95	0.0500011	-2.00006	1.00003
9.94814	0.285429	-1.98379	1.89327	9.8478	0.0279858	9.8	0.0500011	-3.00025	0
9.7665	0.237798	-2.20071	1.51895	9.65029	0.0372757	9.65	0.0500011	-3.00024	0
9.6564	0.31379	-2.20071	1.51895	9.54682	0.0997641	9.5	0.100001	-2.99825	0.999409
9.45888	0.285735	-2.43065	1.24527	9.33515	0.138463	9.35	0.15	-2.99825	0.999409
9.32527	0.354188	-2.43065	1.24527	9.46113	0.134275	9.25	0.15	-1.81915	0
9.16873	0.31136	-2.49087	0.952894	9.13787	0.161547	9.15	0.15	-1.81913	0
9.04415	0.359016	-2.49087	0.952894	9.02723	0.196492	9	0.2	-2.99927	0.99976
8.87826	0.341033	-2.59953	0.780292	8.82128	0.250523	8.85	0.25	-2.99927	0.99976
8.74823	0.380064	-2.59953	0.780292	8.67607	0.247512	8.7	0.25	-2.99873	0
8.5894	0.347339	-2.67527	0.591538	8.54916	0.247046	8.55	0.25	-2.99871	0
8.44234	0.379856	-2.67527	0.591538	8.44086	0.253341	8.4	0.25	-2.72872	0
8.26742	0.346556	-2.74846	0.418596	8.2302	0.258614	8.25	0.25	-2.72871	0
8.12996	0.367492	-2.74846	0.418596	8.1066	0.204722	8.1	0.2	-2.99909	-0.9997
7.97364	0.278655	-2.79803	0.129919	7.94777	0.127954	7.95	0.15	-2.9991	-0.9997
7.83379	0.285149	-2.79803	0.129919	7.82213	0.149733	7.8	0.15	-3.00101	0
7.66883	0.233177	-2.86406	-0.0238816	7.63383	0.15164	7.65	0.15	-3.00099	0
7.51129	0.231863	-2.86406	-0.0238816	7.49691	0.101076	7.5	0.100001	-2.72698	-0.908982
7.35234	0.159883	-2.86776	-0.209567	7.35046	0.0656199	7.35	0.0500011	-2.72695	-0.908974
7.20898	0.149406	-2.86776	-0.209567	7.13188	-0.00451978	7.25	9.49949e-07	-2.00032	-1.00016
7.10104	0.0567495	-2.77458	-0.425678	7.14965	-0.0559868	7.15	-0.0499992	-2.0003	-1.00015
6.94833	0.0333207	-2.77458	-0.425678	6.77233	-0.150907	7	-0.15	-2.72534	-1.8169
6.82281	-0.092578	-2.70314	-0.694894	6.85872	-0.227918	6.85	-0.25	-2.72532	-1.81688
6.68772	-0.127304	-2.70314	-0.694894	6.70421	-0.347264	6.8	-0.349999	-1.00053	-2.00107
6.63479	-0.28002	-2.48712	-1.00517	6.74687	-0.441006	6.75	-0.449999	-1.00054	-2.00107
6.51044	-0.330275	-2.48712	-1.00517	6.72084	-0.550555	6.65	-0.549999	-2.00016	-2.00017
6.45401	-0.482464	-2.30846	-1.27333	6.54837	-0.624094	6.55	-0.65	-2.00016	-2.00017
6.33857	-0.546138	-2.30846	-1.27333	6.40088	-0.78131	6.5	-0.799999	-0.999884	-2.99963
6.31692	-0.755536	-2.06173	-1.6567	6.44859	-0.960126	6.45	-0.949999	-0.999884	-2.99963
6.21383	-0.838373	-2.06173	-1.6567	6.37766	-1.0844	6.4	-1.1	-0.999984	-2.99995
6.21238	-1.05482	-1.79437	-2.00816	6.35596	-1.24356	6.35	-1.25	-0.999969	-2.99992
6.1227	-1.15518	-1.79437	-2.00816	6.5527	-1.43518	6.35	-1.4	0	-3.00132
6.16618	-1.37807	-1.44412	-2.33043	6.35503	-1.55184	6.35	-1.55	0	-3.00129
6.08673	-1.50628	-1.44412	-2.33043	6.33086	-1.6454	6.35	-1.65	0	-1.81769
6.15055	-1.68298	-1.06772	-2.45782	6.34356	-1.7483	6.35	-1.75	0	-1.81769
6.09716	-1.80588	-1.06772	-2.45782	6.34522	-1.96081	6.35	-1.95	0	-3.99976
6.16866	-2.0103	-0.739316	-2.67218	6.34095	-2.12276	6.35	-2.15	0	-3.99972
6.13169	-2.14391	-0.739316	-2.67218	6.3068	-2.23646	6.35	-2.25	0	-2
6.20027	-2.30888	-0.461689	-2.75469	6.34785	-2.35274	6.35	-2.35	0	-1.99998
6.17718	-2.44662	-0.461689	-2.75469	6.26272	-2.46894	6.35	-2.5	0	-3
6.24066	-2.60917	-0.233982	-2.81997	6.36265	-2.64414	6.35	-2.65	0	-3
6.22896	-2.75016	-0.233982	-2.81997	6.38105	-2.77438	6.4	-2.8	1.00003	-3.00012
6.31815	-2.91578	0.0314047	-2.88476	6.461	-2.95066	6.45	-2.95	1.00003	-3.00009
6.31972	-3.06013	0.0314047	-2.88476	6.50958	-3.15806	6.5	-3.15	0.999284	-3.99712
6.41725	-3.26944	0.283803	-3.05564	6.55345	-3.36165	6.55	-3.35	0.999284	-3.99712
6.43285	-3.43735	0.283803	-3.05564	6.64067	-3.46888	6.6	-3.45	0.909922	-1.81983
6.52802	-3.5837	0.492891	-2.999	6.63536	-3.55462	6.65	-3.55	0.909917	-1.81984
6.55268	-3.73374	0.492891	-2.999	6.70376	-3.69784	6.7	-3.7	0.999335	-2.99802
6.65052	-3.86789	0.685314	-2.95719	6.75151	-3.84595	6.75	-3.85	0.99934	-2.99802
6.68824	-4.03064	0.685314	-2.95719	6.65288	-3.91672	6.8	-4	0.908549	-2.72564
6.78258	-4.17673	0.834092	-2.91345	6.85764	-4.15466	6.85	-4.15	0.908537	-2.72561
6.82841	-4.33683	0.834092	-2.91345	6.9447	-4.2991	6.9	-4.25	0.90988	-1.81977
6.90656	-4.42948	0.918953	-2.73631	6.94846	-4.34203	6.95	-4.35	0.909876	-1.81975
6.95251	-4.56629	0.918953	-2.73631	7.09552	-4.55441	7	-4.5	1.00008	-3.00024
7.01403	-4.67884	0.95991	-2.67255	7.03506	-4.6461	7.05	-4.65	1.00008	-3.00024
7.06203	-4.81248	0.95991	-2.67255	7.25009	-4.88515	7.15	-4.8	1.99984	-2.99976
7.17404	-4.9401	1.12829	-2.65673	7.26242	-4.9318	7.25	-4.95	1.99984	-2.99976
7.23044	-5.0729	1.12829	-2.65673	7.33292	-5.08676	7.3	-5.05	1.00028	-2.00057
7.31404	-5.18471	1.19986	-2.60149	7.3521	-5.15533	7.35	-5.15	1.00028	-2.00056
7.37403	-5.31477	1.19986	-2.60149	7.40318	-5.28627	7.4	-5.3	1.00003	-3.00012
7.43691	-5.44423	1.20746	-2.59987	7.44098	-5.44336	7.45	-5.45	1.00004	-3.00012
7.49729	-5.57425	1.20746	-2.59987	7.46878	-5.50726	7.55	-5.55	1.99961	-1.99961
7.60235	-5.68056	1.32497	-2.53752	7.66561	-5.647	7.65	-5.65	1.9996	-1.9996
7.66858	-5.8074	1.32497	-2.53752	7.70927	-5.8194	7.7	-5.8	1.00027	-3.00084
7.74408	-5.94549	1.34934	-2.5671	7.75724	-5.96146	7.75	-5.95	1.00028	-3.00084
7.81155	-6.07386	1.34934	-2.5671	7.71187	-5.94164	7.85	-6.05	1.9998	-1.99981
7.90835	-6.17905	1.42645	-2.50615	7.95005	-6.14609	7.95	-6.15	1.9998	-1.9998
7.97967	-6.30435	1.42645	-2.50615	8.03808	-6.28852	8	-6.25	1.00004	-2.00008
8.04788	-6.39996	1.41829	-2.42804	8.04346	-6.35767	8.05	-6.35	1.00004	-2.00008
8.11881	-6.52139	1.41829	-2.42804	8.1071	-6.48544	8.15	-6.5	1.99951	-2.99928
8.21766	-6.64994	1.4917	-2.44675	8.25742	-6.66007	8.25	-6.65	1.9995	-2.99925
8.29969	-6.78449	1.4917	-2.44675	8.38768	-6.7963	8.3	-6.75	0.90921	-1.81841
8.3604	-6.89814	1.43567	-2.39183	8.33159	-6.8699	8.35	-6.85	0.90921	-1.81841
8.43218	-7.01772	1.43567	-2.39183	8.58336	-7.15056	8.4	-7	1.0001	-3.00036
8.48457	-7.14383	1.38471	-2.409	8.45779	-7.15285	8.45	-7.15	1.00011	-3.00036
8.55384	-7.26433	1.38471	-2.409	8.37938	-7.10665	8.55	-7.25	1.99907	-1.99908
8.63306	-7.3684	1.41091	-2.36577	8.647	-7.3454	8.65	-7.35	1.99908	-1.99908
8.70357	-7.48662	1.41091	-2.36577	8.76035	-7.57239	8.7	-7.5	1.00058	-3.00174
8.76874	-7.62789	1.39687	-2.42639	8.76121	-7.66039	8.75	-7.65	1.00057	-3.00171
8.83859	-7.74923	1.39687	-2.42639	8.81118	-7.75569	8.8	-7.75	0.999844	-1.99968
8.88162	-7.85638	1.32631	-2.38907	8.84363	-7.83628	8.85	-7.85	0.999844	-1.99968
8.94793	-7.97582	1.32631	-2.38907	9.07758	-8.1058	8.95	-8	2.00017	-3.00024
9.03	-8.12134	1.36775	-2.45766	9.05238	-8.15838	9.05	-8.15	2.00014	-3.00021
9.09846	-8.24436	1.36775	-2.45766	9.05557	-8.22632	9.1	-8.25	0.998905	-1.99781
9.16197	-8.36077	1.35471	-2.44026	9.15492	-8.35136	9.15	-8.35	0.998886	-1.99779
9.2365	-8.49501	1.35471	-2.44026	9.30408	-8.57245	9.2	-8.5	0.908863	-2.72657
9.28688	-8.6358	1.29127	-2.45742	9.2543	-8.64461	9.25	-8.65	0.908855	-2.72655
9.35787	-8.7709	1.29127	-2.45742	9.15971	-8.67035	9.3	-8.8	0.909475	-2.72841
9.39542	-8.9257	1.20345	-2.50913	9.35164	-8.95148	9.35	-8.95	0.909466	-2.72839
9.45561	-9.05118	1.20345	-2.50913	9.47941	-9.179	9.4	-9.1	0.999765	-2.99935
9.4848	-9.204	1.12195	-2.58102	9.44272	-9.24111	9.45	-9.25	0.999774	-2.99934
9.54651	-9.34598	1.12195	-2.58102	9.53008	-9.38561	9.5	-9.35	0.908962	-1.81792
9.59395	-9.46603	1.08443	-2.52341	9.5752	-9.43724	9.55	-9.45	0.908954	-1.8179
9.65353	-9.60468	1.08443	-2.52341	9.60163	-9.60777	9.6	-9.6	0.909988	-2.72996
9.67639	-9.74866	0.987989	-2.53738	9.62903	-9.75552	9.65	-9.75	0.909971	-2.72993
9.7308	-9.88839	0.987989	-2.53738	9.69155	-9.89958	9.7	-9.9	0.907972	-2.7239
9.76745	-10.036	0.94139	-2.55802	9.74482	-10.046	9.75	-10.05	0.907972	-2.72391
9.81916	-10.1765	0.94139	-2.55802	9.69256	-10.1336	9.75	-10.2	0	-2.73106
9.81876	-10.331	0.804647	-2.59483	9.75264	-10.3488	9.75	-10.35	0	-2.73105
9.85899	-10.4607	0.804647	-2.59483	9.82419	-10.5024	9.8	-10.5	1	-2.99999
9.87057	-10.6166	0.729323	-2.66343	9.83234	-10.6514	9.85	-10.65	0.999994	-2.99996
9.90703	-10.7497	0.729323	-2.66343	9.825	-10.7525	9.85	-10.8	0	-3.00047
9.90421	-10.9155	0.625992	-2.7493	9.85033	-10.9603	9.85	-10.95	0	-3.00048
9.93558	-11.0533	0.625992	-2.7493	9.91881	-11.1448	9.85	-11.05	0	-1.9956
9.92247	-11.174	0.508973	-2.70435	9.86057	-11.1502	9.85	-11.15	0	-1.99559
9.95042	-11.3225	0.508973	-2.70435	9.83851	-11.2795	9.85	-11.3	0	-2.73184
9.91838	-11.4613	0.35135	-2.67883	9.83839	-11.4483	9.85	-11.45	0	-2.73182
9.93598	-11.5954	0.35135	-2.67883	9.79654	-11.5922	9.8	-11.6	-0.998566	-2.9957
9.87019	-11.7376	0.132088	-2.70011	9.75592	-11.7487	9.75	-11.75	-0.998566	-2.99569
9.87744	-11.8859	0.132088	-2.70011	9.77699	-11.9246	9.75	-11.9	0	-2.73084
9.83039	-12.0406	-0.0105993	-2.71693	9.75861	-12.0491	9.75	-12.05	0	-2.73085
9.8298	-12.1903	-0.0105993	-2.71693	9.63743	-12.1863	9.65	-12.2	-1.81598	-2.72396
9.71404	-12.3419	-0.313035	-2.72235	9.56514	-12.3446	9.55	-12.35	-1.81597	-2.72396
9.69685	-12.4914	-0.313035	-2.72235	9.47157	-12.4849	9.45	-12.45	-1.82132	-1.82133
9.53393	-12.597	-0.695594	-2.60709	9.34752	-12.5408	9.35	-12.55	-1.82131	-1.82131
9.49562	-12.7405	-0.695594	-2.60709	9.32154	-12.7193	9.3	-12.65	-0.908038	-1.81606
9.36222	-12.8211	-0.945168	-2.44174	9.24151	-12.7411	9.25	-12.75	-0.908029	-1.81605
9.31029	-12.9552	-0.945168	-2.44174	9.04013	-12.7738	9.05	-12.85	-3.64007	-1.82004
9.07369	-13.0246	-1.42979	-2.2716	8.83995	-12.9425	8.85	-12.95	-3.64007	-1.82003
9.00205	-13.1384	-1.42979	-2.2716	8.73518	-13.0163	8.75	-13	-1.9959	-0.997948
8.80558	-13.1586	-1.75787	-2.02565	8.6395	-13.0341	8.65	-13.05	-1.9959	-0.997948
8.70905	-13.2698	-1.75787	-2.02565	8.48414	-13.0416	8.5	-13.1	-2.73149	-0.910502
8.49517	-13.2785	-2.06613	-1.75607	8.34268	-13.1451	8.35	-13.15	-2.73146	-0.910485
8.38139	-13.3752	-2.06613	-1.75607	8.19497	-13.1991	8.2	-13.2	-2.72385	-0.907955
8.17704	-13.3686	-2.30394	-1.48494	8.06107	-13.2364	8.05	-13.25	-2.72383	-0.907947
8.05029	-13.4503	-2.30394	-1.48494	7.88931	-13.1791	7.9	-13.25	-2.72673	0
7.84973	-13.4045	-2.4977	-1.15031	7.75593	-13.2425	7.75	-13.25	-2.72673	0
7.71249	-13.4677	-2.4977	-1.15031	7.52542	-13.1457	7.6	-13.25	-2.72991	0
7.51995	-13.3994	-2.64283	-0.80522	7.44992	-13.2329	7.45	-13.25	-2.72991	0
7.37469	-13.4437	-2.64283	-0.80522	7.19347	-13.1392	7.25	-13.2	-3.63887	0.909723
7.15224	-13.3432	-2.84541	-0.425551	7.05468	-13.1604	7.05	-13.15	-3.63887	0.909723
6.9955	-13.3667	-2.84541	-0.425551	6.90569	-13.1515	6.9	-13.15	-2.72312	0
6.79178	-13.2779	-2.96869	-0.131055	6.73255	-13.1364	6.75	-13.15	-2.72312	0
6.64358	-13.2844	-2.96869	-0.131055	6.69426	-13.3705	6.6	-13.15	-3.00475	0
6.46624	-13.2277	-3.04527	0.0351773	6.42749	-13.1436	6.45	-13.15	-3.00472	0
6.3138	-13.226	-3.04527	0.0351773	6.4246	-13.2048	6.35	-13.1	-1.9976	0.998786
6.19891	-13.1528	-2.94646	0.222904	6.2503	-13.0552	6.25	-13.05	-1.99758	0.998786
6.03685	-13.1406	-2.94646	0.222904	6.162	-13.1569	6.1	-13	-2.72732	0.909111
5.90794	-13.0469	-2.85937	0.436762	5.95166	-12.9396	5.95	-12.95	-2.72732	0.909111
5.75077	-13.0229	-2.85937	0.436762	5.78184	-12.8825	5.8	-12.9	-2.72895	0.909657
5.61727	-12.9303	-2.79723	0.616991	5.64785	-12.8416	5.65	-12.85	-2.72896	0.909648
5.46341	-12.8964	-2.79723	0.616991	5.54035	-12.7925	5.55	-12.75	-1.81808	1.81809
5.36614	-12.7714	-2.6487	0.855843	5.43842	-12.6552	5.45	-12.65	-1.81809	1.81809
5.22026	-12.7243	-2.6487	0.855843	5.33087	-12.5965	5.3	-12.55	-2.7236	1.81575
5.09475	-12.5782	-2.59525	1.11554	5.12059	-12.4527	5.15	-12.45	-2.72358	1.81572
4.95213	-12.5169	-2.59525	1.11554	5.13793	-12.5907	5.05	-12.35	-1.81967	1.81966
4.8726	-12.355	-2.42969	1.37959	4.95241	-12.2277	4.95	-12.25	-1.81967	1.81967
4.73899	-12.2791	-2.42969	1.37959	4.81467	-12.1072	4.85	-12.1	-1.81844	2.72766
4.66993	-12.094	-2.26029	1.66622	4.75144	-11.9561	4.75	-11.95	-1.81844	2.72767
4.54568	-12.0024	-2.26029	1.66622	4.6829	-11.7433	4.7	-11.85	-0.909557	1.8191
4.53401	-11.8395	-1.96488	1.85329	4.67603	-11.7496	4.65	-11.75	-0.909553	1.81911
4.42578	-11.7375	-1.96488	1.85329	4.61619	-11.6508	4.6	-11.6	-0.907782	2.72335
4.41742	-11.5503	-1.70284	2.07658	4.5432	-11.4431	4.55	-11.45	-0.907778	2.72334
4.32388	-11.4362	-1.70284	2.07658	4.48104	-11.1618	4.5	-11.25	-0.910253	3.64099
4.32475	-11.2104	-1.45511	2.36976	4.44374	-11.0696	4.45	-11.05	-0.910253	3.64099
4.24472	-11.0801	-1.45511	2.36976	4.46178	-10.9843	4.45	-10.95	0	1.81804
4.28934	-10.9128	-1.12799	2.46663	4.4464	-10.8663	4.45	-10.85	0	1.81805
4.22723	-10.777	-1.12799	2.46663	4.60972	-11.1274	4.45	-10.75	0	1.81614
4.28619	-10.6383	-0.810326	2.47427	4.43858	-10.6346	4.45	-10.65	0	1.81614
4.24166	-10.5023	-0.810326	2.47427	4.43099	-10.4242	4.45	-10.45	0	3.6396
4.30734	-10.3126	-0.521144	2.61529	4.44616	-10.2449	4.45	-10.25	0	3.6396
4.2787	-10.1689	-0.521144	2.61529	4.52156	-10.1192	4.5	-10.1	0.910021	2.73005
4.38376	-9.9892	-0.170325	2.70977	4.55225	-9.94382	4.55	-9.95	0.910013	2.73003
4.37524	-9.85358	-0.170325	2.70977	4.5897	-9.73456	4.6	-9.8	0.999085	2.99725
4.48662	-9.6903	0.144813	2.78249	4.64586	-9.65356	4.65	-9.65	0.99908	2.99724
4.49457	-9.53744	0.144813	2.78249	4.61159	-9.38621	4.7	-9.55	0.910095	1.82021
4.6077	-9.41602	0.42111	2.69987	4.7442	-9.45683	4.75	-9.45	0.910091	1.82018
4.62878	-9.28091	0.42111	2.69987	4.80746	-9.23434	4.85	-9.3	1.99828	2.99743
4.77419	-9.15148	0.748082	2.68493	4.94202	-9.15915	4.95	-9.15	1.99826	2.99739
4.81536	-9.00369	0.748082	2.68493	5.03379	-9.03255	5	-9	0.908384	2.72514
4.94485	-8.85019	0.980102	2.69994	5.06039	-8.84271	5.05	-8.85	0.908384	2.72514
4.9988	-8.70158	0.980102	2.69994	5.21058	-8.83852	5.15	-8.75	1.81679	1.8168
5.14604	-8.59783	1.22507	2.58215	5.26598	-8.6555	5.25	-8.65	1.81679	1.8168
5.21334	-8.45596	1.22507	2.58215	5.33786	-8.49992	5.35	-8.5	1.82017	2.73024
5.34858	-8.33589	1.40337	2.52495	5.43516	-8.36367	5.45	-8.35	1.82015	2.73022
5.42575	-8.19705	1.40337	2.52495	5.58025	-8.28767	5.55	-8.25	1.81852	1.81852
5.56877	-8.10688	1.57617	2.39719	5.65225	-8.1686	5.65	-8.15	1.8185	1.8185
5.65549	-7.97498	1.57617	2.39719	5.83663	-8.14888	5.75	-8.05	1.81752	1.81753
5.77298	-7.89093	1.6569	2.27166	5.81186	-7.95139	5.85	-7.95	1.81752	1.81752
5.86404	-7.76607	1.6569	2.27166	5.99151	-7.92468	5.95	-7.85	1.8194	1.8194
5.99541	-7.689	1.76263	2.14627	6.04627	-7.74932	6.05	-7.75	1.81941	1.8194
6.09239	-7.5709	1.76263	2.14627	6.05883	-7.47931	6.15	-7.6	1.81742	2.72613
6.22141	-7.44624	1.84668	2.1635	6.26179	-7.43797	6.25	-7.45	1.8174	2.72611
6.32307	-7.32714	1.84668	2.1635	6.3458	-7.29797	6.4	-7.35	2.7248	1.81653
6.48121	-7.22414	1.99488	2.12126	6.55234	-7.24441	6.55	-7.25	2.72477	1.81651
6.59084	-7.10756	1.99488	2.12126	6.61964	-7.17343	6.65	-7.2	1.81957	0.909789
6.72043	-7.06269	2.04722	1.93308	6.74556	-7.15305	6.75	-7.15	1.81957	0.909785
6.83293	-6.95646	2.04722	1.93308	6.91901	-7.04822	6.9	-7.05	2.72946	1.81964
7.00004	-6.89	2.19051	1.82871	7.06886	-6.94012	7.05	-6.95	2.72946	1.81964
7.1207	-6.78927	2.19051	1.82871	7.12574	-6.81829	7.15	-6.85	1.81554	1.81554
7.24634	-6.71067	2.2036	1.77066	7.25262	-6.73852	7.25	-6.75	1.81554	1.81554
7.36741	-6.61338	2.2036	1.77066	7.30586	-6.61905	7.35	-6.65	1.82007	1.82007
7.47483	-6.52591	2.16776	1.74491	7.45762	-6.53827	7.45	-6.55	1.82005	1.82005
7.5941	-6.4299	2.16776	1.74491	7.59546	-6.48319	7.6	-6.5	2.72628	0.908764
7.72655	-6.3849	2.20235	1.61108	7.74315	-6.44913	7.75	-6.45	2.72628	0.908764
7.84779	-6.29621	2.20235	1.61108	7.8486	-6.40709	7.85	-6.4	1.81656	0.908285
7.96432	-6.26685	2.19	1.45541	7.9584	-6.34152	7.95	-6.35	1.81656	0.908281
8.08465	-6.18688	2.19	1.45541	8.05398	-6.23227	8.1	-6.25	2.73006	1.82003
8.2239	-6.12532	2.23965	1.40713	8.24773	-6.1485	8.25	-6.15	2.73005	1.82003
8.34709	-6.04792	2.23965	1.40713	8.32369	-5.98136	8.4	-6.05	2.72692	1.81795
8.50626	-5.95697	2.33404	1.44266	8.55156	-5.93992	8.55	-5.95	2.7269	1.81794
8.63461	-5.87764	2.33404	1.44266	8.63806	-5.84559	8.65	-5.85	1.81844	1.81844
8.75913	-5.778	2.32397	1.49594	8.7543	-5.75242	8.75	-5.75	1.81843	1.81843
8.88707	-5.69564	2.32397	1.49594	9.00947	-5.71389	8.9	-5.65	2.72464	1.81643
9.03543	-5.58141	2.37754	1.57959	9.06113	-5.54128	9.05	-5.55	2.72465	1.81643
9.16612	-5.49457	2.37754	1.57959	9.13937	-5.44533	9.15	-5.45	1.81916	1.81918
9.27367	-5.37564	2.3168	1.66384	9.24452	-5.3352	9.25	-5.35	1.81916	1.81916
9.40104	-5.28416	2.3168	1.66384	9.26221	-5.25032	9.35	-5.3	1.81895	0.909466
9.48772	-5.2216	2.21001	1.58799	9.43645	-5.25801	9.45	-5.25	1.81894	0.90947
9.60915	-5.13434	2.21001	1.58799	9.71784	-5.19928	9.55	-5.1	1.81986	2.72981
9.69453	-5.0055	2.11537	1.6971	9.64908	-4.9531	9.65	-4.95	1.81987	2.72981
9.81093	-4.91212	2.11537	1.6971	9.67182	-4.82288	9.75	-4.85	1.81736	1.81735
9.90055	-4.78708	2.04511	1.78016	9.86682	-4.74721	9.85	-4.75	1.81736	1.81735
10.013	-4.68916	2.04511	1.78016	9.94653	-4.64316	9.95	-4.65	1.81806	1.81805
10.1012	-4.56996	1.98132	1.83601	10.0706	-4.54316	10.05	-4.55	1.81805	1.81805
10.2102	-4.46894	1.98132	1.83601	10.4074	-4.52899	10.2	-4.45	2.72609	1.8174
10.3298	-4.36046	2.00901	1.85557	10.3431	-4.35107	10.35	-4.35	2.72606	1.81737
10.4403	-4.25839	2.00901	1.85557	10.3837	-4.17982	10.4	-4.2	0.908945	2.72688
10.5097	-4.11842	1.90095	1.95501	10.4578	-4.07071	10.45	-4.05	0.908953	2.72687
10.6142	-4.01095	1.90095	1.95501	10.5531	-3.94939	10.55	-3.95	1.81903	1.81904
10.6849	-3.87594	1.81239	2.02725	10.6424	-3.84126	10.65	-3.85	1.81902	1.81903
10.7845	-3.76451	1.81239	2.02725	10.6157	-3.63689	10.75	-3.7	1.81931	2.72896
10.8722	-3.60285	1.7811	2.15905	10.8572	-3.53957	10.85	-3.55	1.81931	2.72896
10.9613	-3.49487	1.7811	2.15905	10.8149	-3.35552	10.9	-3.4	0.999745	2.99928
11.0018	-3.32731	1.65334	2.31565	10.9372	-3.24816	10.95	-3.25	0.999754	2.99928
11.0927	-3.19991	1.65334	2.31565	10.9078	-3.10703	11.05	-3.15	1.81764	1.81765
11.1625	-3.06575	1.59765	2.33343	11.135	-3.05697	11.15	-3.05	1.81763	1.81764
11.2503	-2.93749	1.59765	2.33343	11.1507	-2.87978	11.2	-2.9	0.909657	2.72896
11.3026	-2.78038	1.50435	2.40916	11.2571	-2.74346	11.25	-2.75	0.909648	2.72893
11.3779	-2.65977	1.50435	2.40916	11.2614	-2.58697	11.2	-2.6	-0.998725	2.99617
11.319	-2.50238	1.15158	2.50585	11.1393	-2.45312	11.15	-2.45	-0.998725	2.99616
11.3824	-2.36452	1.15158	2.50585	11.2346	-2.28949	11.2	-2.3	0.908813	2.72643
11.356	-2.19992	0.915746	2.57608	11.239	-2.16508	11.25	-2.15	0.908805	2.7264
11.4063	-2.05835	0.915746	2.57608	11.1623	-1.9797	11.3	-2	0.909855	2.72956
11.4066	-1.88804	0.78443	2.65155	11.3424	-1.85113	11.35	-1.85	0.909847	2.72953
